1.693468112065348377e-02
1.845114911787298570e-03
1.488137196987694005e-03
1.304640450249534411e-03
1.244029865416069981e-03
1.117231937526010598e-03
1.012709707178738620e-03
9.680616975285459775e-04
9.307986684414276853e-04
8.922009106162329204e-04
8.519669855284223332e-04
9.866148709904314952e-04
8.241020787377343823e-04
7.767246228637346688e-04
7.575865784865739444e-04
7.526487244704608030e-04
7.134248660931493931e-04
6.995919132794708789e-04
6.897585002196476639e-04
6.813325930717076175e-04
6.493362699646155816e-04
6.452015855587845978e-04
6.328328004307221932e-04
6.392078259607863458e-04
6.262084247874702327e-04
6.004256141496562863e-04
6.024511060596248911e-04
5.907329759793356061e-04
6.036172522134472616e-04
5.822832331326681810e-04
5.848564340890017492e-04
5.900313391426014560e-04
5.558973149840481425e-04
5.910571266593801169e-04
5.657104088323797100e-04
5.553316563194573858e-04
6.088719444029942621e-04
5.481863657667756856e-04
5.322141639839554671e-04
5.437143886093656533e-04
5.595101572188743546e-04
5.225270508035887189e-04
5.171675695956489847e-04
5.013763543819402344e-04
5.176627002033772724e-04
5.271518630040592825e-04
5.008423979107160277e-04
5.017745797251632438e-04
4.961530192007938865e-04
4.992704204998390594e-04
5.353561069188249918e-04
4.855129092141206144e-04
4.791246607309467237e-04
4.715041276392375352e-04
4.766559513247853688e-04
4.653477845686422739e-04
4.781963277288690676e-04
4.692545917350798845e-04
4.846854037253272565e-04
4.649508570532076448e-04
4.952523646183139023e-04
4.244826200721395822e-04
4.240954822730706383e-04
4.260657598172466038e-04
4.349250189396877773e-04
4.216551139062747126e-04
4.231826291246296450e-04
4.209396652714891048e-04
4.129223413846650316e-04
4.172633924226406264e-04
4.144764084336456222e-04
4.135649329793184763e-04
4.059862058479772259e-04
4.142383049204296044e-04
4.274965670679933935e-04
4.132858709009840851e-04
4.041937731820981639e-04
4.139065858907997608e-04
4.299552491893125620e-04
4.254946881786075266e-04
4.087653752892863083e-04
4.131563632548678356e-04
4.113415949219881014e-04
4.173166886429562311e-04
3.935232266802665777e-04
3.918767879652076090e-04
4.104406756977008967e-04
4.020534788439764952e-04
3.995155678049466417e-04
3.977053660661155590e-04
3.937347893613975572e-04
3.948897530452001917e-04
4.055423355460989910e-04
3.975852291765731138e-04
3.978924607170399356e-04
3.896612397511489689e-04
3.952755177187798467e-04
3.932371705453734535e-04
3.926386810679443414e-04
3.885799442921483346e-04
3.932022797904886771e-04
3.885624002662573786e-04
3.906958942913428415e-04
3.950201877836831302e-04
3.869446872010675492e-04
3.871707193929767158e-04
3.787859914577999462e-04
3.863846120725082699e-04
3.957513599320812772e-04
3.875795227941125631e-04
3.936487531931096300e-04
3.780703446800755415e-04
3.847996191579177122e-04
3.894528928740751696e-04
3.809275316767568001e-04
3.864160570692336109e-04
3.896108353009642257e-04
3.775442120629947710e-04
3.793031881836806036e-04
3.941193281207233667e-04
3.884731400027048153e-04
3.549522893885042208e-04
3.556971526894241805e-04
3.581778950066045780e-04
3.582126045393822637e-04
3.577486559786552021e-04
3.592005437091101271e-04
3.550303656591622314e-04
3.512760535962771314e-04
3.528110737110986064e-04
3.574409689294000855e-04
3.549763685779992414e-04
3.554838759280459413e-04
3.538454236763226334e-04
3.543072765920484671e-04
3.497873913147486746e-04
3.529352634782404949e-04
3.549275130607447665e-04
3.496327276374105054e-04
3.527421856212407817e-04
3.511045195113564376e-04
3.528605678205400239e-04
3.491357330308664047e-04
3.547522978488962166e-04
3.481907754808902353e-04
3.472034356470197905e-04
3.493796774459634520e-04
3.480844314380678582e-04
3.518755217746094956e-04
3.500681605357893432e-04
3.538188730301552141e-04
3.446228546699574139e-04
3.503971982904341615e-04
3.529907594066719525e-04
3.476896159808411341e-04
3.496360801617874841e-04
3.468420120974093209e-04
3.476177063380736314e-04
3.435787945162764828e-04
3.410822131162032718e-04
3.458346980678047287e-04
3.496344626994890006e-04
3.449771716394786723e-04
3.506966535242945810e-04
3.440312939346767962e-04
3.430302111705396868e-04
3.451226256465604451e-04
3.439491016717172926e-04
3.435289819567832552e-04
3.441789268372515294e-04
3.432635526541014202e-04
3.416423703107960988e-04
3.397435403014749909e-04
3.473420998319810024e-04
3.498497261357125438e-04
3.431781572777084619e-04
3.433233050177371751e-04
3.411675374251032481e-04
3.481027076283447911e-04
3.456336132732631483e-04
3.475644442978380170e-04
3.319433172839845298e-04
3.334021264806303350e-04
3.290774248578303882e-04
3.328120574858689138e-04
3.334451251904220243e-04
3.293961295682048813e-04
3.286384157416800348e-04
3.297391031505973388e-04
3.322527106299043168e-04
3.301703496660149113e-04
3.336317932671802196e-04
3.300084107078958225e-04
3.400143935767457122e-04
3.287502827439565522e-04
3.292468105047551604e-04
3.304498565930136635e-04
3.319445670566110096e-04
3.289289423602979553e-04
3.263733561589317474e-04
3.294552900411491748e-04
3.287946396889056700e-04
3.296708531453014274e-04
3.295645437901839614e-04
3.287232364866297615e-04
3.307461672595182279e-04
3.274921590102251542e-04
3.292822114227144823e-04
3.269608684160291916e-04
3.249948197261018834e-04
3.265900869696769320e-04
3.287889414296355796e-04
3.246857089580708106e-04
3.280702032159667539e-04
3.262019027863780735e-04
3.310843529233838665e-04
3.304137666587891290e-04
3.231281912438896484e-04
3.269187265771527620e-04
3.251565321142850366e-04
3.289291511633606860e-04
3.262420550738678003e-04
3.276984997534972848e-04
3.268210260335594028e-04
3.270889897384074516e-04
3.274925382060626987e-04
3.259248734075510952e-04
3.263463828303894416e-04
3.251180994909170239e-04
3.243407793275383767e-04
3.263765181547442296e-04
3.248356913181216611e-04
3.288078834546383548e-04
3.261097077737822275e-04
3.249296235925041372e-04
3.247677648391271476e-04
3.258093577663436066e-04
3.282192023064897939e-04
3.241283220420374846e-04
3.239866408727911534e-04
3.248389969717949241e-04
3.192523404005589895e-04
3.188161091773424375e-04
3.188101428920988071e-04
3.195808058926770541e-04
3.174337464368490657e-04
3.200979740223522298e-04
3.184986967108818703e-04
3.188795765095693525e-04
3.172490454067714125e-04
3.189390241290269187e-04
3.181131113981178573e-04
3.204035265086933350e-04
3.178765026711707236e-04
3.186059098076183659e-04
3.208826247976313112e-04
3.172006362610561695e-04
3.175368009007882250e-04
3.172058646288310798e-04
3.192545859641287165e-04
3.179397446179199420e-04
3.180332452418867576e-04
3.164451571687687732e-04
3.184879159414057853e-04
3.165563087582826227e-04
3.172624008499930768e-04
3.169105993313065341e-04
3.167511851304795670e-04
3.185248757755860453e-04
3.185198095093784388e-04
3.189719167029008502e-04
3.160293527735332105e-04
3.172663354509791902e-04
3.195720605300414376e-04
3.167788246321643470e-04
3.184301211487848234e-04
3.204649330528323305e-04
3.159391266689094094e-04
3.188559917467754645e-04
3.172171614836727968e-04
3.165697203786654087e-04
3.183831607646763558e-04
3.155435059493039347e-04
3.181046924383249832e-04
3.155862687827022824e-04
3.165037753290583225e-04
3.164239748256540935e-04
3.144879914078384871e-04
3.181505505994590465e-04
3.159868999297708739e-04
3.166675764247017214e-04
3.150977164866987693e-04
3.159119507980121455e-04
3.166383360431334780e-04
3.159686804242800378e-04
3.161508880006041067e-04
3.151691616526371489e-04
3.151754744765132045e-04
3.187998203387440725e-04
3.167027813994303812e-04
