3.586809730243890795e-03
2.611626024888611709e-03
2.244306779683155877e-03
2.010934872466117827e-03
2.052454660960668139e-03
1.789913807865665387e-03
1.854690930232145854e-03
1.663610349994066109e-03
1.625180130737812010e-03
1.596358134330055304e-03
1.540772132250632035e-03
1.590688253325128710e-03
1.570790127558677023e-03
1.453459593819367637e-03
1.439213859686238163e-03
1.421505739630828146e-03
1.430048042810846834e-03
1.417645218045732224e-03
1.408362575010721355e-03
1.380259194817437356e-03
1.342647183729812161e-03
1.345813541732685144e-03
1.321674799032206181e-03
1.310286146648184831e-03
1.306961295276143960e-03
1.280175046832842225e-03
1.278581977605299869e-03
1.259060326129804583e-03
1.247628580448542504e-03
1.235692983839747558e-03
1.227268249982274790e-03
1.238677743416236217e-03
1.230757232067760049e-03
1.252995958270201925e-03
1.201073025883890068e-03
1.205357359478596629e-03
1.188792303193707050e-03
1.216751588291900077e-03
1.186434794785888027e-03
1.172792944829737644e-03
1.165246792668260013e-03
1.169962075479371970e-03
1.165052999060081163e-03
1.178875746243351853e-03
1.160023652753511226e-03
1.159026628620056249e-03
1.158151228717246807e-03
1.142672710472631206e-03
1.157856444817382873e-03
1.148266859926543168e-03
1.167441681731318931e-03
1.140535560025032237e-03
1.145297387983043461e-03
1.128005442550665668e-03
1.133674868723637394e-03
1.121422237321344608e-03
1.120597038818739975e-03
1.112053744754819013e-03
1.116748901928753344e-03
1.117964859288402522e-03
1.119843426263392996e-03
1.115605197873962857e-03
1.124952797274386728e-03
1.130428200392702377e-03
1.147799696746217273e-03
1.117315998864035339e-03
1.113193358706180379e-03
1.114050894271755715e-03
1.107287712308556524e-03
1.097643129300152759e-03
1.090324521037684940e-03
1.065832889655085125e-03
1.067468541847585266e-03
1.068138648068185865e-03
1.070318167601430571e-03
1.059340116795325776e-03
1.059657538737451875e-03
1.057989659805803808e-03
1.051975844622871125e-03
1.046506723870934763e-03
1.051616435329061653e-03
1.055145458870589050e-03
1.063918983184754165e-03
1.040767206198557528e-03
1.053910935974441748e-03
1.031338394251327248e-03
1.058928088452883685e-03
1.053931906976368930e-03
1.054190502631976176e-03
1.042475724906855635e-03
1.045822942911019083e-03
1.037023127008619315e-03
1.042905219608571349e-03
1.043685578584107850e-03
1.037434243656651552e-03
1.037710983181632093e-03
1.035648495565320241e-03
1.036399685057573300e-03
1.035699888192073877e-03
1.028862585879450819e-03
1.043515740135727947e-03
1.038758238495955709e-03
1.056651132679436045e-03
1.040518434777812536e-03
1.034761415550831736e-03
1.038905357682081126e-03
1.034269959132490214e-03
1.050187299856482912e-03
1.028679567118456805e-03
1.025786634864892096e-03
1.024450882078083418e-03
1.035440418744719556e-03
1.024702255245904655e-03
1.020912141918183056e-03
1.033741049468517303e-03
1.020627308482585692e-03
1.024823134959956849e-03
1.020867430312602346e-03
1.027773082294219887e-03
1.030835641824185507e-03
1.018748700559182589e-03
1.019247945297920921e-03
1.032143924656042612e-03
1.021455773720950913e-03
1.015868917483901419e-03
1.028417458021363461e-03
1.009321016216174110e-03
1.039290157699047836e-03
1.021381016133006631e-03
1.017226297462489083e-03
1.017181606838739446e-03
1.016417537886259550e-03
1.010849136523469258e-03
1.010060312732686009e-03
1.008736895232158247e-03
1.008370392387299705e-03
1.010029576041973848e-03
1.025221749820724813e-03
1.012871992844698423e-03
1.018794264297845711e-03
1.010979379548929353e-03
9.855445986072164030e-04
9.956808624041893832e-04
9.781753330973389556e-04
9.758566552908484824e-04
9.760956265043120366e-04
9.936411268765452630e-04
9.738264692037604904e-04
9.757658273122425500e-04
1.000153699478264525e-03
9.934138097166798388e-04
9.579417965142056346e-04
1.003637196506958424e-03
9.633533624109140133e-04
9.609649589333986398e-04
9.335703477073936879e-04
9.308828296123592338e-04
9.109792028835346457e-04
8.702215117261592921e-04
8.431530637439167437e-04
8.427006585745487827e-04
8.203451738958138662e-04
8.406983800151190565e-04
8.106956584649810567e-04
7.975621918503325277e-04
7.987753403519258369e-04
7.599274381497051877e-04
7.783053923387427348e-04
7.546971095888333706e-04
7.988947422005409065e-04
7.849780035199770394e-04
7.617317626068671700e-04
7.622129981660522675e-04
7.389281736957559361e-04
7.668481940040798236e-04
7.386163890979057954e-04
7.398549831461508292e-04
7.523692241425864553e-04
7.436859548676672546e-04
7.394852528218613316e-04
7.354360125244183621e-04
7.295806105059116304e-04
7.317113252843968725e-04
7.118264532669685936e-04
7.217428389785074784e-04
7.184455008787470716e-04
6.973463074076747831e-04
7.015666403255403508e-04
7.218453199954616992e-04
6.943776771063418438e-04
7.158311068345684248e-04
7.191010392785375472e-04
6.855821079942722805e-04
7.059291001073582719e-04
7.041147229841065438e-04
6.995234986344828427e-04
6.783684911233437559e-04
7.032262903183351737e-04
6.808955476180714866e-04
6.680569552605278945e-04
6.962446089790657938e-04
7.023274469416761461e-04
6.832975473222431106e-04
6.696722486467901773e-04
7.157359234338929411e-04
6.729698703396892485e-04
6.787467451473741791e-04
6.660077176706562284e-04
7.060664620651148880e-04
7.076467025949251992e-04
6.837493562015032863e-04
6.598784513148846882e-04
6.512146772069553379e-04
6.562533194800232537e-04
6.651033130934634868e-04
6.571403392563509444e-04
6.473716629295457776e-04
6.318224372672523372e-04
6.664095031568607625e-04
6.545592951561259726e-04
6.503564729301128692e-04
6.644700939474671147e-04
6.535659817610542290e-04
6.496008599940470730e-04
6.714905710311520068e-04
6.663636084467302852e-04
6.548546780534305299e-04
6.777905469197173603e-04
6.391752675733376916e-04
6.566918685187607537e-04
6.516529480672202850e-04
6.512366627819489223e-04
6.615470771320423578e-04
6.536033287438628575e-04
6.600567745450927875e-04
6.631003637922668363e-04
6.719471488776075033e-04
6.455877429648670214e-04
6.508102903120912457e-04
6.378563615049474096e-04
6.574963481398299336e-04
6.438498757508864627e-04
6.512294829346586484e-04
6.488244506790367266e-04
6.380443854479466098e-04
6.639017952947205399e-04
6.443063586714763971e-04
6.714788804285575169e-04
6.621559208047814822e-04
6.304821618805574873e-04
