1.305849732354629866e+00
1.444793639834537069e-01
8.853127395864142379e-02
7.598673127764879465e-02
6.754257672921169797e-02
5.878219571571017404e-02
5.101205248299033046e-02
5.141473258304041227e-02
5.001997648803300361e-02
4.791498639036056301e-02
4.830108303576707840e-02
4.780996816102848351e-02
4.543901501266762316e-02
4.131248946366614799e-02
4.115720043435346087e-02
4.169785084072933495e-02
4.042171896976787249e-02
3.849596943879543542e-02
4.024269343028927942e-02
3.895000420337499381e-02
3.543744705140937368e-02
3.484212516178918778e-02
3.678055597079354921e-02
3.643499737128962079e-02
3.519166808921930095e-02
3.464023818716753522e-02
3.744542388635319075e-02
3.543439477162305812e-02
3.470303740915517410e-02
3.485759940041705668e-02
3.212258652892223398e-02
3.353214011592573623e-02
3.094105596849044959e-02
3.319039040916534067e-02
3.216862441365455488e-02
3.349753624088196158e-02
3.299382294333258470e-02
3.384033293831487099e-02
3.220487842986057003e-02
3.204954755600801508e-02
3.230006771898547013e-02
3.507612091164256235e-02
3.196851919989946583e-02
3.311980985711480280e-02
3.278321820462858777e-02
3.161147881169305146e-02
3.138014832294957340e-02
3.303573082396110694e-02
3.139461867164734105e-02
3.349301713886995713e-02
3.141692547170921862e-02
3.065909680282307218e-02
2.975535086291127354e-02
3.278182295345982711e-02
3.031959999785866985e-02
2.911777118610781381e-02
2.814432731721290201e-02
2.999749173258626014e-02
2.734521030296766311e-02
2.939442995675774564e-02
3.197316158302994371e-02
2.839268033587655227e-02
2.750340394329192986e-02
2.975673700661160201e-02
2.744315317723640055e-02
2.947026443516099006e-02
2.937446682995488445e-02
2.746506309851484348e-02
2.871291789897652616e-02
2.842293739816996803e-02
3.082089830016674151e-02
2.391732965466068089e-02
2.711589612218356579e-02
2.732256516749255806e-02
2.423632046922521641e-02
2.772653485150184879e-02
2.531011379323899746e-02
2.555431148882002235e-02
2.608890188208153049e-02
2.570792413208373636e-02
2.435697115914419592e-02
2.359241097190872133e-02
2.495504466296975116e-02
2.499377463814304173e-02
2.410412619301919440e-02
2.435187218429217537e-02
2.677905412802342872e-02
2.370119613573648185e-02
2.436152354510890891e-02
2.554794936440885067e-02
2.432967526405009975e-02
2.399375247444177767e-02
2.784454068277291208e-02
2.534884076327258845e-02
2.720215545728976031e-02
2.574606657807909996e-02
2.335800165527088593e-02
2.473416196745495399e-02
2.387603499580088010e-02
2.541511752209517708e-02
