1.022565247014511458e+00
1.120715603925460935e-01
6.809391440866990886e-02
4.666429519826589822e-02
3.745467885029177268e-02
2.860950916832269778e-02
2.853062859368185600e-02
2.856672111205583314e-02
2.541570655655029168e-02
2.251310958418735117e-02
1.900627709881857336e-02
2.052076429475185523e-02
1.730265721765368581e-02
1.599801437885955274e-02
1.450513742950766509e-02
1.856550208271242827e-02
1.411143119641861295e-02
1.437843334319633022e-02
1.341233655896990722e-02
1.246302154694878782e-02
1.079313533358968943e-02
1.067432681055262983e-02
1.166056508068428511e-02
1.106827244769002100e-02
1.168197274836170127e-02
1.135135640736755977e-02
1.177854830572424953e-02
1.036982904838094910e-02
1.077493228733019705e-02
9.887990124826861668e-03
9.711343318570491920e-03
1.072471927266654620e-02
1.025563513123711919e-02
9.403643950949920963e-03
1.065780413012171884e-02
9.625739082260879875e-03
1.228841857681440761e-02
8.758428782701145610e-03
9.235767062840074051e-03
1.043697763342670178e-02
8.013071860511635988e-03
7.699593896219550197e-03
1.151353400200605392e-02
7.650873726667012896e-03
7.790484839270628119e-03
9.665475676356012624e-03
7.489008612410966680e-03
7.988357456227722017e-03
9.314725446233223377e-03
7.288952850801653539e-03
8.252841767010301102e-03
7.609611902342632538e-03
9.046400821399550388e-03
7.561655395642616351e-03
7.022687434327117353e-03
6.657444027274153631e-03
7.838771987143297246e-03
6.578397558092377584e-03
7.197322648798310137e-03
7.203578261312010636e-03
6.985293587583095952e-03
5.510740553375420223e-03
5.245392606052202110e-03
5.533988365556958069e-03
5.412202488176177939e-03
5.195683778025383254e-03
5.108008209919166938e-03
4.971439538653506587e-03
5.278111654766943182e-03
5.472485585203177606e-03
5.111368497573706010e-03
5.019165992433595284e-03
5.047946004197001457e-03
5.140734462847196436e-03
5.106651489514597506e-03
4.586441057929119096e-03
4.682524611653630063e-03
5.395436372477994610e-03
5.265941708023811132e-03
4.781056663866133614e-03
4.602914586728222048e-03
4.787712994161559890e-03
4.633299963072289029e-03
4.467780366106782232e-03
4.452444881005862727e-03
4.916077065498156845e-03
4.933733915433634321e-03
4.983980917956593384e-03
4.820653984626365081e-03
4.546015152469450732e-03
4.631902028936459373e-03
4.699413180026376993e-03
4.313726771384650965e-03
4.166657272942884266e-03
4.200888849080128967e-03
5.376542601626106352e-03
4.464757228053586186e-03
4.399142249725585679e-03
4.246484869982787222e-03
4.593683894030576448e-03
4.154209280386567116e-03
4.435417948962124685e-03
4.522102357018305610e-03
4.486995654418891172e-03
4.681214990722405538e-03
4.192788611426082751e-03
4.326911532146812851e-03
4.138559306062064569e-03
4.166317816693769147e-03
4.406373576954180499e-03
4.074133068951236829e-03
4.209988317344077677e-03
4.201480100841023524e-03
4.450475767276487749e-03
4.232102117046367129e-03
4.235480213537812233e-03
3.947118194340620313e-03
4.335718432463012140e-03
4.016295045635900895e-03
4.099362389032923555e-03
4.227005348670794319e-03
3.345042427860980046e-03
3.615739831137795932e-03
3.410152774195858091e-03
3.758436136575805768e-03
3.547537354427541482e-03
3.486117381916576437e-03
3.355214624059234870e-03
3.620036366005796504e-03
3.373282022102800943e-03
3.652927850178161202e-03
3.489871325274539367e-03
3.364476061231175003e-03
3.218692857338938552e-03
3.372591300217738126e-03
3.345846953845127859e-03
3.483332808638467826e-03
3.399412025870798652e-03
3.407824379770994869e-03
3.550054573150741681e-03
3.322092772916306058e-03
3.473404210147469553e-03
3.454031107329958491e-03
3.384015928997203149e-03
3.310447353003329908e-03
3.384945765245965868e-03
3.303613427073456409e-03
3.376720056240988151e-03
3.315755267638366421e-03
3.226583122362404379e-03
3.274429391874650059e-03
3.429113348491143187e-03
3.391206249605517586e-03
3.490929045107995284e-03
3.315489232908328063e-03
3.433542623899357455e-03
3.222080321202790924e-03
3.288587411800616110e-03
3.179223646225711082e-03
3.492302867735541053e-03
3.206142351616087308e-03
3.249941250244372214e-03
3.535410462402154008e-03
3.152444716380519048e-03
3.205291645298170670e-03
3.177814088155363811e-03
3.350738402141994424e-03
3.077185439314086921e-03
3.157323555273631836e-03
3.304626165921691495e-03
3.396460280190546997e-03
3.176218246618762054e-03
3.317264133392898180e-03
3.257381349401331817e-03
3.148472894979424154e-03
3.517489812640083209e-03
3.289553913461087768e-03
3.226408676709979773e-03
3.321065748825149672e-03
3.098967062785874804e-03
3.310079157060055559e-03
2.943990148365670939e-03
2.827354407663522102e-03
2.918862967838554891e-03
2.871194622901723347e-03
2.832662069162916827e-03
2.858803818695420523e-03
2.865970129320441311e-03
2.958591755338792813e-03
2.907065730162917885e-03
2.926967631982163153e-03
2.810612690450926994e-03
2.853619363862847785e-03
2.836082823747812336e-03
2.839421087247860805e-03
2.922468684711168520e-03
2.948437125671135323e-03
2.788976793242401754e-03
2.797199576974001775e-03
2.817641062456248142e-03
2.942006160548433103e-03
2.833193547070719364e-03
2.931669787612072378e-03
2.856750925190660109e-03
2.823788002620689509e-03
2.794043331536962341e-03
2.892386230510161568e-03
2.784510606055169615e-03
2.828849367201761653e-03
2.761704026894687240e-03
2.847628169801346212e-03
2.786324350000900403e-03
2.833319596437261067e-03
2.897754685173547454e-03
2.922985880083382813e-03
2.775691863864140647e-03
3.177373656504895848e-03
2.819651920554163121e-03
2.811949973557750695e-03
2.831291883837344994e-03
2.715611709877415250e-03
2.946072018456233604e-03
2.843244678102607031e-03
2.829447172062341496e-03
2.795076047795889713e-03
2.739287770710625500e-03
2.757315473836781643e-03
2.825620069796609506e-03
2.753213849351849717e-03
2.875898787372767242e-03
2.784942349873829881e-03
2.825795791956574408e-03
2.836740334778157808e-03
2.759858425760771707e-03
2.754055816398630167e-03
2.694229204153512046e-03
2.881202076529261035e-03
2.764889399174514165e-03
2.757690405624723621e-03
2.797270549710320370e-03
2.858955230358121730e-03
2.611602433188277110e-03
2.624016640935266514e-03
2.619263178636428279e-03
2.604492024930064008e-03
2.709239653614890948e-03
2.600058762973910757e-03
2.602482899525311155e-03
2.635644233060004376e-03
2.622072674269073332e-03
2.606454826512395653e-03
2.739238516200160484e-03
2.753479052930636953e-03
2.625109293487269679e-03
2.671349298230610726e-03
2.640356619701569093e-03
2.610654326502320419e-03
2.580696982223280520e-03
2.575351858002588711e-03
2.573361796283618174e-03
2.669344860573060873e-03
2.587571746918784516e-03
2.651981463883245488e-03
2.618034953673825226e-03
2.635975093526635692e-03
2.571735177784724782e-03
2.650287490998676481e-03
2.586526048997807130e-03
2.593858120150777449e-03
2.558230329034200373e-03
2.599690533188972995e-03
2.604947843708011260e-03
2.546753987485846256e-03
2.616888901684433222e-03
2.580325751359639503e-03
2.583921612186227366e-03
2.555536302510475616e-03
2.581292098702126555e-03
2.588844345070335021e-03
2.583102291980541622e-03
2.633715863339602947e-03
2.546178560086720995e-03
2.610297736895898606e-03
2.634464489664276130e-03
2.532959265937638656e-03
2.553509291109823994e-03
2.569756855061927376e-03
2.533684848796922962e-03
2.548444856413055459e-03
2.564966878962031752e-03
2.583972404461873634e-03
2.585267932370824678e-03
2.562882891737011323e-03
2.605779101898850376e-03
2.627226714921985194e-03
2.567010964158662409e-03
2.632419278217089549e-03
2.568352710304045491e-03
2.570244830188363108e-03
2.580654693680793730e-03
