1.023280194332433224e+00
1.373114642188992540e-01
7.898335128502789737e-02
5.460852362908596297e-02
3.995885853763929407e-02
4.021835329314304291e-02
2.726327824991109719e-02
2.531303183803724696e-02
2.832868931338537732e-02
2.427196236283973158e-02
1.960820077680224677e-02
1.877829597093338271e-02
1.773766544106048296e-02
1.809337248939067722e-02
1.389587422572942724e-02
1.495270177635342652e-02
1.362205177632182067e-02
1.357938729356541162e-02
1.421564956044041837e-02
1.236392704899920945e-02
1.814033515578092684e-02
1.352308403570638175e-02
1.449714961656650876e-02
1.023385066235827853e-02
1.055607952848943223e-02
1.076534158701813494e-02
1.187001030112421786e-02
9.779309545275430629e-03
9.049601468452534575e-03
9.210578485413692396e-03
9.196303909384580949e-03
8.375915487535124521e-03
9.023989783599972725e-03
8.885583244697299599e-03
9.008090466607448707e-03
9.434109586182721705e-03
7.827438831026123714e-03
7.530976000220276911e-03
8.600426274676655977e-03
8.171118974555717160e-03
6.975543013838834440e-03
6.771201235350481420e-03
9.772651114089543622e-03
9.176578832963524016e-03
7.828481381672412406e-03
8.063566015470166257e-03
8.122033899823246153e-03
7.268345709023780500e-03
8.916915659684427828e-03
6.493050848718645920e-03
6.577801544132621213e-03
6.264069431656321511e-03
5.736132236305884272e-03
7.157765469665444517e-03
6.538223307363168896e-03
7.387967092569830765e-03
5.605380963209236414e-03
6.878935304188797499e-03
6.347737659505287185e-03
5.743944240452418352e-03
6.055377201761963715e-03
4.844006497499554233e-03
5.021428183089335015e-03
5.551355763685044895e-03
5.883390143470361953e-03
5.290209886964497218e-03
4.689198119977359101e-03
4.774701137225641559e-03
5.061346983407126118e-03
4.723226656964005406e-03
4.939800680636666219e-03
4.996049031073790912e-03
4.903880714135634526e-03
5.228108972809169565e-03
4.592098084516649942e-03
4.938305826684416706e-03
4.703051548689430456e-03
5.623711557344122230e-03
4.626838506610934064e-03
4.735024984341201434e-03
4.689713233410445353e-03
4.490353259106361246e-03
4.396238567329249780e-03
4.249094820278155431e-03
4.872531180681530759e-03
4.663375753172954545e-03
4.116727106901275739e-03
5.483370038767366485e-03
4.233757911120043446e-03
3.908692355549266313e-03
3.955822543587622295e-03
3.708009897774561681e-03
4.345572956967665504e-03
3.905497591531034186e-03
4.864417379288826261e-03
4.635672098523829256e-03
3.756597315957553064e-03
4.117269810765634974e-03
3.940359721783288569e-03
4.066213004312715928e-03
3.750110654225356256e-03
3.660210765638323687e-03
5.268586317597087100e-03
4.182140765235174695e-03
4.316122298193878805e-03
3.551134344212017891e-03
4.002137837909855445e-03
3.926655039364515369e-03
5.162847767107535402e-03
3.611557071941883055e-03
3.728627416760076085e-03
3.671088808237813351e-03
4.167850594967603683e-03
3.972523583120904367e-03
4.024955400720585386e-03
3.743977315702237251e-03
4.263216285793067391e-03
3.556362082531979059e-03
3.784476086324037487e-03
3.882560378135463657e-03
3.870556575007910033e-03
3.350075924509139918e-03
3.236709852962819673e-03
3.158244836349906586e-03
3.172621847032894380e-03
3.395739666641105214e-03
3.096861797276624292e-03
2.994178991959711971e-03
3.184726057021856991e-03
3.411792811591091504e-03
3.064677440074034098e-03
3.026357842446846143e-03
3.172827515003899361e-03
3.500945761875617814e-03
3.465540964307999797e-03
2.969274099721291599e-03
3.180417570632037769e-03
2.975711719468669345e-03
3.165153976053346196e-03
2.926192180047808029e-03
3.186518919307651868e-03
3.462199127128304417e-03
2.739782252912084572e-03
3.215739974578799183e-03
3.345394970004468473e-03
3.211091650205902693e-03
3.337985149660516095e-03
2.841503190169067557e-03
3.368382083609440178e-03
2.881318942622043255e-03
3.097866113611692004e-03
3.649899045676859282e-03
2.924607250417127647e-03
2.927838517407085374e-03
3.071771696383176868e-03
3.019278341102911781e-03
2.696652880458291247e-03
2.986237761391283448e-03
2.975673540657776221e-03
2.923274378909534402e-03
2.982532045110886793e-03
3.149524942950107220e-03
2.734976999331699063e-03
2.978364032758183157e-03
3.205838296454139799e-03
2.892825904107370911e-03
2.901265714425853640e-03
2.778378766040902337e-03
2.567654137153091778e-03
3.170837114868295566e-03
2.734817832513430653e-03
3.195926815076449452e-03
3.784459549933671951e-03
2.625374368467736554e-03
2.999862963279579207e-03
2.703593602555608936e-03
2.929767354142440421e-03
2.820830697431987028e-03
3.315119430162878893e-03
2.705196512938845468e-03
3.174928865709537081e-03
2.718460429351516813e-03
2.429194086458707352e-03
2.467535001626454914e-03
2.620742607558536157e-03
2.870225610189832809e-03
2.412756559774712969e-03
2.503875649783240693e-03
2.373070339672267437e-03
2.740184952461615763e-03
2.668808356501422077e-03
2.528858059735665346e-03
2.372390168264161547e-03
2.515773833079566930e-03
2.482019620676806631e-03
2.305162174432256756e-03
2.470273684255432090e-03
2.478876274328159230e-03
2.507285996026164480e-03
2.469819942001946333e-03
