1.042894027260846901e+00
4.317779815214317640e-02
2.653099633320126285e-02
1.731538513761966824e-02
1.386169295454787662e-02
1.190631696954369545e-02
9.792089933356227724e-03
7.296066606677201888e-03
6.578368865776547045e-03
6.790447487430863703e-03
8.188179910702760023e-03
5.906110396608710289e-03
4.625667844963974630e-03
4.053303259858038153e-03
5.080367257103843986e-03
4.885401733782749126e-03
3.715465652084974386e-03
4.195733147478381171e-03
3.480154490314943654e-03
3.767096467294491890e-03
4.102220030523143213e-03
4.508570175033149371e-03
4.407946534758043662e-03
3.399134017960276765e-03
3.143316557154406110e-03
3.422410920435606067e-03
3.244935058403846870e-03
4.162707382293288037e-03
5.270550406516291697e-03
2.588502798760093128e-03
2.261581610032725644e-03
3.240076646338714908e-03
3.137735869237330121e-03
2.282670337630998778e-03
4.190609026916845142e-03
2.249643967356966187e-03
2.283594396430999041e-03
2.714979643716888564e-03
1.872517693744495853e-03
2.872869892175807308e-03
2.868053894544150308e-03
2.414151641735157432e-03
2.155257276595072199e-03
2.422608563752281976e-03
3.014926002685760272e-03
2.635200943819485542e-03
1.839959428125862405e-03
2.340039408895685027e-03
1.768316858350624113e-03
2.574824458692049484e-03
4.242284176058980574e-03
2.480927692336398673e-03
1.745770788253393335e-03
2.467369437380152568e-03
1.750742759403967671e-03
1.905834864077786449e-03
1.845405603553233482e-03
2.775061857984076254e-03
2.577130196800152089e-03
1.565822305396025876e-03
1.588634969287573608e-03
1.064034146365038088e-03
1.749209859300144979e-03
1.186381383842333810e-03
1.357304464300098084e-03
1.478705116612620031e-03
1.322296971920877695e-03
1.153205999925862625e-03
1.029452269079250346e-03
1.048200271027379359e-03
1.264581142052964742e-03
1.202590854264535972e-03
1.365581387247846896e-03
1.223630410602836094e-03
1.051754761774222925e-03
1.169941842902538429e-03
1.096126959161009950e-03
1.112549252358676711e-03
1.129112508267077555e-03
9.874368910840170769e-04
9.710504003356449461e-04
1.634641135582527022e-03
9.299917173636860525e-04
1.122338053645825914e-03
9.880341693683158608e-04
1.237924107848558265e-03
9.559055256960523935e-04
1.389719491694555711e-03
1.323098990914606862e-03
1.098996391086730796e-03
9.898477644107283712e-04
1.101562591556589678e-03
1.127171386331103121e-03
1.171665711512485985e-03
1.386440701533628783e-03
1.248121459231993401e-03
8.810881537461089747e-04
1.404136824042557987e-03
1.181098432171830007e-03
1.270501744435277146e-03
9.064727129826191969e-04
1.442264299839735031e-03
1.174057250420108096e-03
1.118245579946656153e-03
1.053791818057381920e-03
9.053248694155712145e-04
8.551693466616535092e-04
1.168908342193855469e-03
1.057790275554844209e-03
8.547894330424537883e-04
9.324819561592194873e-04
9.149110579570799134e-04
9.071827577806056012e-04
1.108356409023927370e-03
9.367784991492192261e-04
9.054098377101729624e-04
1.191052818010279691e-03
1.027813707857371060e-03
9.688644373497038147e-04
1.001035107629980178e-03
8.271272154795655980e-04
7.466868491339778528e-04
6.682433216388575887e-04
7.454407175320612111e-04
7.163632273955573794e-04
7.302105151994023628e-04
8.400753076150363312e-04
7.084571336109060950e-04
8.538432005078120312e-04
7.683825902478379818e-04
6.746483437424569390e-04
7.667375469937661196e-04
6.849724159110337496e-04
6.739814355590402614e-04
7.931245595817779191e-04
8.073604674495453480e-04
8.172104531103138812e-04
6.865860388727945121e-04
7.167999923018045878e-04
7.190680964497935803e-04
7.175801830842744094e-04
7.038081719994891900e-04
6.922800161572562842e-04
7.046792997307208678e-04
7.756792173347283777e-04
7.588841710754042026e-04
6.626652490055232308e-04
7.610752265548419984e-04
7.101420420059544655e-04
7.639994999112258199e-04
7.116190759535489293e-04
7.419330413117571424e-04
6.646681245318938978e-04
6.752930700692326297e-04
6.892232577652172495e-04
8.406223476117173675e-04
7.066941958159035381e-04
7.986727530721488564e-04
7.689046283620734699e-04
6.512978620459000580e-04
8.166734644260560628e-04
6.834269937149487590e-04
6.708652048431293109e-04
6.853595872133494199e-04
7.139782788134505041e-04
6.480218008767034236e-04
6.697774156765622707e-04
6.434713327190513723e-04
7.071652243910140669e-04
8.935528468248586480e-04
7.194454641606614926e-04
6.620223257625692213e-04
7.986519025465429761e-04
6.564626139236700566e-04
6.522377939396646184e-04
6.391092976501081295e-04
6.169343545226120855e-04
7.233196567624893816e-04
7.443714823958269165e-04
6.422007802960484754e-04
7.164497689890870049e-04
5.461919760374828398e-04
5.748185760958856748e-04
5.558049698836754543e-04
6.234376724446625759e-04
5.488515399033637096e-04
6.057831366021229885e-04
5.339246647984742652e-04
5.540873044506148745e-04
6.666532680419338247e-04
6.105714971010117948e-04
5.668538042512007678e-04
6.018479088684110592e-04
5.566090982282793616e-04
5.580151719609708835e-04
5.479188690768814181e-04
5.531758164748722378e-04
5.664635134243601157e-04
5.523544011318102945e-04
5.761283351010967977e-04
6.239219567992963051e-04
5.891976927455817815e-04
5.713898111892820337e-04
6.120769445091313061e-04
5.492083701240115488e-04
5.588028058788717259e-04
6.109304749136140571e-04
5.596419244728506387e-04
5.652593180732151494e-04
6.757796685168043554e-04
6.022822530804808252e-04
5.687692836820429192e-04
5.909071637582856851e-04
5.375986548579233387e-04
5.589769219134956132e-04
5.223356833042533138e-04
5.695801776519781754e-04
5.884607939109162428e-04
5.951687506789905173e-04
6.998660354902101061e-04
5.632112700178093121e-04
6.345744298224142597e-04
6.205641886565920742e-04
5.684365240212660127e-04
5.455950415844834254e-04
5.573083140324194915e-04
6.386470513250462090e-04
5.680597180820092093e-04
5.656451079588339665e-04
5.320204708855165790e-04
5.281464772726690397e-04
5.684675443051166212e-04
5.212986701693342068e-04
6.206706795722332628e-04
5.287208031256531056e-04
5.485389664563414952e-04
5.263372109174122102e-04
5.545636827158633309e-04
5.889774363103517487e-04
5.655857466356178746e-04
5.076585938547585782e-04
4.987584912288544389e-04
4.975726055712330776e-04
5.029999877077115855e-04
5.316674004736637697e-04
5.100657127873408454e-04
5.104003438920995221e-04
5.026886095482379973e-04
5.093271164548431214e-04
5.150238789081963090e-04
5.077221346233949531e-04
5.094358723930105101e-04
5.052763356848858451e-04
5.040104094172589326e-04
5.251450466159947837e-04
5.188102490095377901e-04
4.948576117681642529e-04
4.901349142486185768e-04
4.997236111342127744e-04
4.974764522684868269e-04
4.922675146845841314e-04
5.426566291811637426e-04
5.113873996252063818e-04
4.944171899317785631e-04
5.091763471069117543e-04
5.020105156798435530e-04
5.050639619882933175e-04
5.788853812318425470e-04
5.083140290374759274e-04
5.071346067991324390e-04
4.857099594055609855e-04
5.018693604100451806e-04
5.456482528622240294e-04
5.075684816273318915e-04
5.035910777054554161e-04
5.207431832934881870e-04
5.061442718088496632e-04
4.898092945019692649e-04
5.177399800104890175e-04
5.070363157185141462e-04
5.230338649071622796e-04
5.156405931365740797e-04
4.932188434353054502e-04
5.025892277508107325e-04
4.948527906848073938e-04
5.078548599348598315e-04
4.982006330676593507e-04
4.823802328035018717e-04
4.867111135756077090e-04
4.811389916603518572e-04
5.389667115428723549e-04
4.909108271064280531e-04
5.268589170449305015e-04
5.151799986230988677e-04
4.826450153919976515e-04
5.099335150674071939e-04
4.825635740755472255e-04
5.208408719924993192e-04
5.164169672562545941e-04
4.852416540690979532e-04
