1.001419589799993126e+00
2.505306023008683214e-01
1.820526263293097968e-01
1.405986503643148200e-01
1.085926605498089559e-01
9.281336340834112075e-02
7.463123737012639092e-02
6.479169713223681404e-02
5.469687239212148167e-02
5.029232427477836609e-02
4.305799217785105659e-02
3.746551768306423391e-02
3.361062070026116927e-02
3.341321899172138010e-02
2.711235293570686891e-02
2.755859669517068261e-02
2.424605453715604833e-02
2.192180461305029415e-02
2.109004113384906065e-02
2.016607973286334288e-02
1.966850026784574407e-02
1.803282670238438856e-02
1.740968775223283166e-02
1.784618691924740388e-02
1.869737521252211321e-02
1.726184390923556078e-02
1.496332670178483586e-02
1.526529939078232791e-02
1.419078975039369910e-02
1.476485117831650984e-02
1.380751440849374394e-02
1.349567841081058227e-02
1.407460189040969471e-02
1.175358124515589464e-02
1.226673527237247090e-02
1.250104603412396757e-02
1.227075677803333986e-02
1.355822011828422546e-02
1.242541017777779554e-02
1.141483010724186897e-02
1.093042031040086445e-02
1.023812775554902403e-02
1.000416054226019834e-02
1.077429873540121028e-02
1.130229141563177109e-02
9.227251798352775064e-03
1.146236393491134944e-02
1.066053206758464135e-02
9.961078819983145566e-03
9.233248337884159343e-03
1.009566512177972192e-02
8.495125262176288564e-03
8.722792872611214235e-03
9.905847090789499793e-03
9.204559904687544675e-03
8.701113025274346754e-03
8.464702596778379481e-03
8.730376632336308076e-03
7.998384097043205812e-03
7.611900869318667835e-03
8.189441060976070108e-03
7.287914152531062804e-03
7.476973155622973315e-03
6.810922833049998411e-03
7.057107163264471350e-03
7.436622153310214721e-03
6.979500190080965318e-03
6.916369585429921023e-03
6.773687625194296964e-03
7.535358480013468890e-03
7.146275164011646822e-03
7.225601550410775883e-03
6.461413138929535463e-03
6.524790544062852859e-03
6.418393157860811764e-03
7.187545929542358929e-03
7.142206023940268940e-03
6.394339109058766110e-03
6.385529495994834645e-03
6.625579697463442400e-03
7.119941579944947391e-03
5.766119383385076395e-03
5.781077026553890080e-03
6.310611278476084031e-03
5.974836140761480459e-03
6.139165571178583844e-03
5.775634213076794900e-03
6.438903948839972899e-03
5.915315972421975391e-03
6.176759242354070388e-03
6.251792505602626546e-03
5.899866604629684999e-03
5.980739315204760403e-03
5.713743760305292109e-03
5.341846386299413385e-03
6.066073280046968205e-03
6.135946235564702055e-03
6.114708711667095863e-03
5.323945476180490070e-03
5.497463636428993883e-03
5.276988890460308605e-03
5.391830578446388245e-03
5.273198161055059688e-03
5.570410394712406454e-03
5.452657406053999095e-03
6.089786231956060940e-03
5.492350867237238629e-03
5.608794183525092104e-03
5.476317902588669247e-03
5.195653353653410106e-03
5.523026331930476485e-03
5.592647364691775980e-03
5.831247757134192487e-03
5.946393576724564277e-03
5.427403101587996610e-03
5.521757993847131729e-03
5.508419920635574361e-03
5.493828218758982362e-03
4.905805402599713178e-03
4.976403009256019465e-03
4.693516461616929585e-03
4.666215808623854107e-03
4.972551196046611638e-03
5.064737065421307839e-03
5.000696722965906546e-03
4.604221951654728466e-03
4.782014909912557857e-03
4.725451279869850689e-03
4.561056862311328210e-03
4.667022690067396291e-03
4.797726403921842575e-03
4.640253027901053429e-03
4.557482062784188291e-03
4.759668578010271475e-03
4.673968932098325306e-03
4.530707826180493079e-03
4.564790192114955882e-03
5.028318805510506757e-03
4.796655766446800487e-03
4.427670199862297588e-03
4.684858092599932140e-03
4.441247020355042034e-03
4.283100037890321711e-03
4.866799120517338074e-03
4.331229912007556089e-03
4.766531617325895330e-03
4.292069386471719997e-03
4.295618533540298059e-03
5.024733843610566797e-03
4.241052193238455115e-03
4.414914066300672235e-03
4.276001716361325922e-03
4.354986060849007183e-03
4.427907303633058823e-03
4.282753147623117977e-03
4.510396666934385172e-03
4.458847469376290597e-03
4.516998237437184864e-03
4.623057923334485987e-03
4.513538059066323979e-03
4.713592653655830807e-03
4.247377558118279987e-03
4.102509112699943838e-03
4.327376208761159367e-03
4.286292077535215801e-03
4.537884762291522281e-03
4.097763914614915848e-03
4.166424137485378286e-03
4.249108229380319998e-03
4.747593693216057079e-03
4.652437370489625676e-03
4.183992195655317561e-03
4.511874922386863856e-03
4.226650179856840557e-03
4.032856524538467810e-03
4.174060462152256838e-03
4.024513873874265013e-03
4.428687888909788387e-03
4.072905928992173047e-03
4.075787482125794135e-03
4.294212825377197520e-03
3.894988803521675248e-03
3.843230962315026273e-03
3.941251197829842567e-03
4.049015382085652606e-03
3.843054120593211026e-03
4.080834483508677737e-03
3.988114240414956241e-03
4.042500534149653414e-03
4.138741190271342553e-03
3.893434768542647362e-03
4.027601468431598643e-03
4.156302236130132548e-03
4.425321527592399745e-03
3.982207820038585408e-03
3.847253193859668467e-03
3.993974080966676034e-03
3.913971047629328029e-03
3.943742773331263690e-03
3.892087268040460724e-03
3.819555441355880748e-03
3.899222089196829107e-03
3.964503597029868549e-03
3.942920977030606525e-03
4.038311376729432529e-03
4.120508647140334532e-03
3.838913405642789978e-03
3.741527428193127357e-03
3.765185322502956518e-03
3.781593569061335574e-03
3.957842586233335791e-03
3.977500450085191472e-03
3.860617248231873640e-03
3.818145364194231849e-03
3.912496243548744222e-03
3.729640191201778147e-03
3.728730823187267028e-03
3.697362146340310574e-03
3.788769738200832918e-03
3.644975929466240470e-03
4.280323395505547523e-03
3.756332587834228590e-03
3.741274765857002110e-03
3.753461245009127607e-03
3.630370367318391800e-03
3.772394827512257163e-03
3.988761523300234264e-03
3.788989886422367784e-03
3.668687141993466367e-03
3.873936462161295478e-03
3.651940633597619470e-03
3.703888875487096246e-03
3.708280581871376165e-03
3.719046095605282095e-03
3.741866087212282043e-03
3.770851393175475661e-03
3.674742573981776110e-03
3.653388004750013351e-03
3.883277374210164674e-03
3.688930766656994820e-03
3.639940014930770525e-03
3.515473183463601378e-03
3.561109605738345136e-03
3.522003692684366576e-03
3.571456578998443137e-03
3.591397106099654749e-03
3.589996568146435526e-03
3.555198925930787637e-03
3.618272069348570357e-03
3.466738572837236871e-03
3.519689780659973621e-03
3.518418600673184522e-03
3.542695105459322050e-03
3.576952539493932597e-03
3.542124834733412393e-03
3.549312508445890638e-03
3.523187725530827798e-03
3.533543299828820292e-03
3.442791900049676015e-03
3.527272348840008662e-03
3.518309129182906839e-03
3.491517019403331343e-03
3.495483262026134481e-03
3.469880601829465876e-03
3.484460456735071193e-03
3.569357371067299715e-03
3.524379681467133384e-03
3.569446421940537188e-03
3.540708039722898631e-03
3.580894095220548291e-03
3.497905488235547415e-03
3.492458387935424603e-03
3.541732836952981005e-03
3.571908989482942571e-03
3.468218122554175917e-03
3.593873273690833918e-03
3.422321655842311319e-03
3.447190303738941267e-03
3.398648264598758909e-03
3.412520458154818387e-03
3.426046473631525792e-03
3.513079732382560529e-03
3.443811403806595114e-03
3.448939259054467805e-03
3.563253304866306845e-03
3.507130416384076320e-03
3.523255657295093664e-03
3.369154415422064442e-03
3.544766277841785579e-03
3.613820963758317736e-03
3.345163052846841876e-03
3.482234225991894319e-03
3.382691428722704209e-03
3.388623535797437997e-03
3.441282424747067314e-03
3.454738536246997494e-03
3.376596073126968394e-03
3.425616442280657228e-03
3.475975793074158934e-03
3.451774020076674599e-03
