1.409944572231986326e+00
9.881718565117229014e-01
8.965910754420540751e-01
8.754700584845109823e-01
8.576669936830346730e-01
8.491556590253656056e-01
8.431401659141887217e-01
8.302423601800744679e-01
8.263523876667022705e-01
8.397889516570351542e-01
8.262032514268701222e-01
8.164840394800360057e-01
8.109600164673544942e-01
8.168805729259144277e-01
8.138692162253640117e-01
8.184576793150468710e-01
8.110564107244665477e-01
8.070097917860205028e-01
8.038262237202037364e-01
8.095246580514040557e-01
8.056357909332622080e-01
8.135149397633292256e-01
8.095865059982646494e-01
8.161604241891340372e-01
7.921017218719829112e-01
8.008204698562622070e-01
8.070624741640958222e-01
7.959035093134100292e-01
8.022512630982832071e-01
8.010443665764548360e-01
8.062933710488405792e-01
7.948113246397539022e-01
7.922474389726464894e-01
7.954530580477281454e-01
7.933315526355396718e-01
7.939681627533652364e-01
7.893072827295823934e-01
7.946475879712537882e-01
8.011160926385358927e-01
7.889409634200009735e-01
7.834043773737821015e-01
7.998002632097764852e-01
7.919871129772879659e-01
7.977374304424632578e-01
7.920167906717821005e-01
7.897549759257923574e-01
7.878654870119962128e-01
7.992677336389367726e-01
7.848940952257676962e-01
7.885384722189470175e-01
7.825815162875435771e-01
7.906977886503393504e-01
7.862854329022493927e-01
7.915042232383381338e-01
7.879935015331615000e-01
7.867610264908183604e-01
7.944645204327323018e-01
7.928161675279791210e-01
7.837649285793304443e-01
7.844934924082322958e-01
7.844883095134388418e-01
7.826093679124658253e-01
7.906521369110454112e-01
7.982291877269744873e-01
7.924786508083343506e-01
7.923869842832739208e-01
7.868593118407509746e-01
7.869733544913205536e-01
7.842956564643166484e-01
7.820595665411516073e-01
7.949863807721571085e-01
7.883542640642686727e-01
7.888677580790086630e-01
7.845627286217429219e-01
7.838861346244812012e-01
7.859375151720914277e-01
7.837989113547585429e-01
7.806937667456540497e-01
7.873425375331531972e-01
7.878806916150179473e-01
7.900108207355845957e-01
7.931355888193304393e-01
7.834004922346635702e-01
7.901988788084550741e-01
7.868920943953774394e-01
7.886321273717012970e-01
7.878800874406640675e-01
7.884130071509968252e-01
7.961697740988298300e-01
7.941365783864801076e-01
7.934077084064483643e-01
7.952502830462022665e-01
7.922160137783397227e-01
7.935595431111075460e-01
7.889924916354092987e-01
7.886493151838128712e-01
7.883494469252499970e-01
8.002182191068475392e-01
7.885631593790921601e-01
8.004371307112954081e-01
7.959838048978284952e-01
7.928506163033571807e-01
7.947579161687330362e-01
7.944288389249281046e-01
7.944161106239665537e-01
7.945235832171007040e-01
7.874652255665172129e-01
7.981526418165727499e-01
7.954221340742978485e-01
7.914517305114052714e-01
7.996823164549741181e-01
7.931816903027620880e-01
7.975311821157281544e-01
8.020754944194447011e-01
7.982296130873940410e-01
7.938009527596560089e-01
7.915484309196472168e-01
8.003636706959117442e-01
7.949611652981151133e-01
7.983133765784177216e-01
7.954523211175744679e-01
8.029893717982552470e-01
8.046879226511175487e-01
7.998607619242235067e-01
8.063410845669832794e-01
8.042248352007432821e-01
8.077700625766407461e-01
8.100362853570417521e-01
8.018265474926341563e-01
8.055043599822304667e-01
8.061020699414339630e-01
8.035233833573081075e-01
8.072793294082988291e-01
8.084822188724171133e-01
8.052894473075866699e-01
8.028363937681372020e-01
8.091395741159265187e-01
8.117914470759305390e-01
8.128256689418446035e-01
8.051189888607371836e-01
8.049259808930483429e-01
8.108157244595614044e-01
8.110965707085349141e-01
8.120370859449560497e-01
8.158594153144143046e-01
8.163865344090894816e-01
8.141881146214224874e-01
8.165861720388586376e-01
8.139725598421964081e-01
8.197879845445806835e-01
8.212498561902479288e-01
8.163252906365827677e-01
8.211153556000102549e-01
8.161993162198499796e-01
8.212531344457105753e-01
8.120440894907171581e-01
8.284753073345531016e-01
8.218367506157268076e-01
8.267832940275018361e-01
8.239915560592304677e-01
8.182838179848410665e-01
8.250176120888103037e-01
8.242164200002496388e-01
8.201633231206373331e-01
8.266444097865711660e-01
8.258820447054776581e-01
8.234517763961445302e-01
8.269101516766981241e-01
8.279727507721293955e-01
8.307595632293007792e-01
8.273051706227388946e-01
8.272321711887012929e-01
8.335225365378640117e-01
8.231960291212255809e-01
8.355840092355554249e-01
8.338334993882612345e-01
8.392551432956348867e-01
8.353908305818383839e-01
8.422636200081218272e-01
8.311460939320650665e-01
8.336275626312602549e-01
8.404348140413110402e-01
8.415549099445343018e-01
8.353848376057364522e-01
8.324856622652574423e-01
8.338889208706942169e-01
8.385737375779585001e-01
8.350553133270957051e-01
8.421859876676038859e-01
8.416963707317005605e-01
8.500068241899664256e-01
8.397209265015341817e-01
8.416214531118219044e-01
8.406526771458712188e-01
8.368131951852277872e-01
8.414441563866355001e-01
8.394160460342060537e-01
8.360626589168201894e-01
8.411001454700123281e-01
8.423327911983836680e-01
