2.010364532470703125e+00
6.368385314941406250e+00
8.882456779479980469e+00
1.498508214950561523e+00
2.093640804290771484e+00
1.872893333435058594e+00
1.948523283004760742e+00
2.042640447616577148e+00
1.075631022453308105e+00
8.346095681190490723e-01
1.253078579902648926e+00
9.375988841056823730e-01
1.060118675231933594e+00
7.889373898506164551e-01
9.084819555282592773e-01
9.578664898872375488e-01
6.323244571685791016e-01
1.247518539428710938e+00
1.022576332092285156e+00
1.088773250579833984e+00
8.493345975875854492e-01
1.186020612716674805e+00
5.224395394325256348e-01
7.537998557090759277e-01
5.732509493827819824e-01
8.407572507858276367e-01
7.468236684799194336e-01
7.109181284904479980e-01
9.259349107742309570e-01
6.789594888687133789e-01
7.191120982170104980e-01
5.955877304077148438e-01
6.032611727714538574e-01
5.460404157638549805e-01
6.799450516700744629e-01
5.413255095481872559e-01
1.373106479644775391e+00
7.742055654525756836e-01
7.443279027938842773e-01
7.883197069168090820e-01
5.454578995704650879e-01
5.367025136947631836e-01
6.320572495460510254e-01
5.450307726860046387e-01
5.775278806686401367e-01
6.726859807968139648e-01
5.867889523506164551e-01
5.691227912902832031e-01
7.826323509216308594e-01
5.789544582366943359e-01
5.538696646690368652e-01
5.874383449554443359e-01
4.699990749359130859e-01
5.408349037170410156e-01
4.930151402950286865e-01
5.776612162590026855e-01
4.860726594924926758e-01
6.050693988800048828e-01
5.133115649223327637e-01
6.646728515625000000e-01
4.850875139236450195e-01
4.749406278133392334e-01
4.368512332439422607e-01
4.474537372589111328e-01
4.797765612602233887e-01
4.690549969673156738e-01
4.512977898120880127e-01
4.394663870334625244e-01
3.881599009037017822e-01
5.028457045555114746e-01
3.400701880455017090e-01
3.828686475753784180e-01
3.407983481884002686e-01
3.040313124656677246e-01
3.651709556579589844e-01
3.294884562492370605e-01
3.251105546951293945e-01
3.546248972415924072e-01
3.169139921665191650e-01
3.277941942214965820e-01
3.290376067161560059e-01
3.535332679748535156e-01
3.162612915039062500e-01
2.848683297634124756e-01
3.121786415576934814e-01
3.135010004043579102e-01
2.938616573810577393e-01
2.817725837230682373e-01
3.076838850975036621e-01
3.255702257156372070e-01
2.572203576564788818e-01
2.692949473857879639e-01
3.067508339881896973e-01
2.624756693840026855e-01
2.638998627662658691e-01
2.915917634963989258e-01
2.692242860794067383e-01
2.488589435815811157e-01
2.507533133029937744e-01
2.728979885578155518e-01
2.344208359718322754e-01
2.239651083946228027e-01
2.447953075170516968e-01
2.281676232814788818e-01
2.596748173236846924e-01
2.138037979602813721e-01
2.090138643980026245e-01
2.186693996191024780e-01
2.148396968841552734e-01
2.526169121265411377e-01
2.197143584489822388e-01
2.000275552272796631e-01
2.016479521989822388e-01
2.006013095378875732e-01
1.962849795818328857e-01
2.123977243900299072e-01
2.015673369169235229e-01
2.017096430063247681e-01
2.032092064619064331e-01
2.468913793563842773e-01
2.166578769683837891e-01
2.432336062192916870e-01
2.016974389553070068e-01
2.097529321908950806e-01
2.088326960802078247e-01
1.965110749006271362e-01
2.022092789411544800e-01
1.907394528388977051e-01
1.986812055110931396e-01
1.920055299997329712e-01
2.175092846155166626e-01
1.747146546840667725e-01
1.881841421127319336e-01
2.057609558105468750e-01
2.044267207384109497e-01
1.926375776529312134e-01
1.732468456029891968e-01
1.986391991376876831e-01
1.659684777259826660e-01
1.648591011762619019e-01
1.614113897085189819e-01
1.627490669488906860e-01
1.998642832040786743e-01
1.665528118610382080e-01
1.682550609111785889e-01
1.814198046922683716e-01
1.653541922569274902e-01
1.673034131526947021e-01
1.756117790937423706e-01
1.579845249652862549e-01
1.696783751249313354e-01
1.560695171356201172e-01
1.557614356279373169e-01
1.630966961383819580e-01
1.655166149139404297e-01
1.559140831232070923e-01
1.674490123987197876e-01
1.518732756376266479e-01
1.523132622241973877e-01
1.542550623416900635e-01
1.490997523069381714e-01
1.524641662836074829e-01
1.689615845680236816e-01
1.574969440698623657e-01
1.530293822288513184e-01
1.484766304492950439e-01
1.459019929170608521e-01
1.494178175926208496e-01
1.450508236885070801e-01
1.495480686426162720e-01
1.622889935970306396e-01
1.485560834407806396e-01
1.411525011062622070e-01
1.561876833438873291e-01
1.493440717458724976e-01
1.521412879228591919e-01
1.448675692081451416e-01
1.492558717727661133e-01
1.345806419849395752e-01
1.388254463672637939e-01
1.410497874021530151e-01
1.516421884298324585e-01
1.553521305322647095e-01
1.476026624441146851e-01
1.462563127279281616e-01
1.415623277425765991e-01
1.370857656002044678e-01
1.512779146432876587e-01
1.566413342952728271e-01
1.328489631414413452e-01
1.351530551910400391e-01
1.332863420248031616e-01
1.407533586025238037e-01
1.268427520990371704e-01
1.426023691892623901e-01
1.384998261928558350e-01
1.345403790473937988e-01
1.369645446538925171e-01
1.333645135164260864e-01
1.349493116140365601e-01
1.354076862335205078e-01
1.276430189609527588e-01
1.240566596388816833e-01
1.332701742649078369e-01
1.334388256072998047e-01
1.354785561561584473e-01
1.504626572132110596e-01
1.303697228431701660e-01
1.271228939294815063e-01
1.386312842369079590e-01
1.228214874863624573e-01
1.192645058035850525e-01
1.164369359612464905e-01
1.221279501914978027e-01
1.242751404643058777e-01
1.274009346961975098e-01
1.258207559585571289e-01
1.254608482122421265e-01
1.275564879179000854e-01
1.304934173822402954e-01
1.297145485877990723e-01
1.308780312538146973e-01
1.312617212533950806e-01
1.203709840774536133e-01
1.242754161357879639e-01
1.177862286567687988e-01
1.141510233283042908e-01
1.278260648250579834e-01
1.233957558870315552e-01
1.188838854432106018e-01
1.177320256829261780e-01
1.345060616731643677e-01
1.140234619379043579e-01
1.162931546568870544e-01
1.440314501523971558e-01
1.299724131822586060e-01
1.143959313631057739e-01
1.195259094238281250e-01
1.112555786967277527e-01
1.174205839633941650e-01
1.175745129585266113e-01
1.126777529716491699e-01
1.162072345614433289e-01
1.245395541191101074e-01
1.191469877958297729e-01
1.227095946669578552e-01
1.169565767049789429e-01
1.107547357678413391e-01
1.264794319868087769e-01
1.174652874469757080e-01
1.176149323582649231e-01
1.265661567449569702e-01
1.312021911144256592e-01
1.026743650436401367e-01
1.165190935134887695e-01
1.071913316845893860e-01
1.145500913262367249e-01
1.112032681703567505e-01
1.239238306879997253e-01
1.084453016519546509e-01
1.096600294113159180e-01
1.107603758573532104e-01
1.114897206425666809e-01
1.106782406568527222e-01
1.090095788240432739e-01
1.070946007966995239e-01
1.154342591762542725e-01
1.138958185911178589e-01
1.058848649263381958e-01
1.081764101982116699e-01
1.046147421002388000e-01
1.074941530823707581e-01
1.055741831660270691e-01
1.179311126470565796e-01
1.015214249491691589e-01
1.108746007084846497e-01
1.010087057948112488e-01
1.068624556064605713e-01
1.025741025805473328e-01
1.031249165534973145e-01
9.983650594949722290e-02
1.055945381522178650e-01
1.001020148396492004e-01
1.032430753111839294e-01
1.047571673989295959e-01
1.092313304543495178e-01
1.050359159708023071e-01
1.055435240268707275e-01
1.094007045030593872e-01
1.007843241095542908e-01
1.018583625555038452e-01
9.766995906829833984e-02
9.882166981697082520e-02
1.011458858847618103e-01
1.078049167990684509e-01
1.001773625612258911e-01
9.402760863304138184e-02
9.923578053712844849e-02
9.831236302852630615e-02
1.013473495841026306e-01
