2.171054227785630619e+00
3.549105826426635774e-02
2.097160093994303309e-02
1.907408025793053824e-02
1.668321663005785382e-02
1.786288707940415776e-02
1.539155123332007317e-02
1.554093573411757280e-02
1.535630458965897560e-02
1.576071926815943158e-02
1.431227276440371135e-02
1.425521869466386121e-02
1.624811665070327940e-02
1.443967250683768182e-02
1.415062807923690887e-02
1.365432011979547493e-02
1.387419907206838797e-02
1.307451426559551148e-02
1.208502248945561401e-02
1.176362040198662001e-02
1.099208323284983635e-02
1.215155425862493761e-02
1.153797226619314095e-02
1.438138382086022286e-02
1.366360229440033436e-02
1.278212791393426410e-02
1.077145927543328614e-02
1.229123667475174805e-02
1.240413611627776483e-02
1.052651069635017304e-02
9.217906362292442243e-03
1.027112292252819678e-02
9.857167055915024359e-03
1.306486305442046067e-02
9.654219886711374807e-03
1.008675692983987578e-02
9.989645395597273811e-03
1.072273129300976326e-02
9.619056839834560363e-03
1.133355195634067059e-02
9.205856032415547785e-03
9.970669602890584390e-03
9.518046704628928614e-03
1.022510970836843988e-02
9.840881261466578531e-03
9.864101747304877821e-03
1.032248568530617742e-02
1.083048984979871968e-02
1.088625384198332359e-02
9.757734348320147577e-03
1.002903995950790890e-02
9.625071389812299427e-03
1.073160841637714295e-02
9.350808294997974349e-03
8.335018943233246311e-03
1.154805321923711020e-02
8.157429846257648054e-03
8.553298444233158049e-03
8.067797483156689820e-03
9.397692756134678332e-03
1.089592792347750944e-02
1.011664638380435459e-02
7.527676596179266183e-03
8.088320461948487680e-03
8.244616080033169078e-03
8.027152518149126975e-03
7.892787012017586645e-03
8.835111649452963289e-03
8.586108832704749186e-03
9.544181293511594041e-03
9.316222636367787330e-03
7.785148749297315582e-03
8.294515729754824845e-03
7.987434896428814712e-03
7.838484349618242072e-03
7.959965822837230046e-03
6.951334664005447833e-03
6.957786628680134519e-03
7.103177396030249842e-03
6.190010558136485076e-03
7.807352220300923379e-03
6.017870502546429634e-03
5.352380309804258100e-03
5.999308217062868619e-03
6.632638640109111278e-03
6.924940135583959079e-03
4.864559138447723842e-03
6.985605043486099036e-03
4.605657532176172034e-03
5.781012650748545631e-03
6.153368174140764514e-03
4.821319873868064841e-03
5.443046292798085252e-03
5.570878057782961169e-03
4.232837553982707508e-03
5.752843709408559346e-03
4.161842900264839037e-03
5.976844430816444405e-03
9.081692064434966627e-03
9.284632756713439433e-03
