2.484933767053816023e-01
2.123875353071424665e-01
2.271741131941477365e-01
9.380530565977096558e-02
8.072242803043788717e-02
7.074523261851733968e-02
5.422760422031084465e-02
6.035083325372801732e-02
4.110737269123395515e-02
4.171964195039537526e-02
3.459433921509318804e-02
5.571574821240372205e-02
4.393602410952249931e-02
2.695153860582245875e-02
2.102682284182972455e-02
2.713759553929169857e-02
1.535281300958659875e-02
1.369829941540956497e-02
1.430766688038905519e-02
1.018605950391954923e-02
1.108359431640969402e-02
1.078523457464244592e-02
1.410744546188248509e-02
9.530134654293457089e-03
1.503182409538163060e-02
9.604975995090272306e-03
8.549136937492422816e-03
8.358359388593170763e-03
7.240106558634175002e-03
7.631395633021990747e-03
7.374877860355708720e-03
7.927977117813296559e-03
6.941164222856362372e-03
7.835404274778233827e-03
1.358732964015669370e-02
9.472373459074232699e-03
7.550462925185759573e-03
6.094993299080265700e-03
9.544530624730719268e-03
6.744585569120115608e-03
6.106925352166096659e-03
6.671929395654135377e-03
6.599232140514586092e-03
6.543189856327242225e-03
6.773125742458635003e-03
6.791496804604927988e-03
6.812500508709086119e-03
6.815319001260731341e-03
8.817014801833365084e-03
9.176127612590789795e-03
8.479951259990533771e-03
6.488731648359034182e-03
6.313691950506634086e-03
6.636255162043703734e-03
7.335217048724492102e-03
5.718421190977096558e-03
5.520323912302653284e-03
6.741812400933768629e-03
6.009309863050778418e-03
7.267455829100476564e-03
6.934682424697611453e-03
6.933636264875531197e-03
5.861822360505660086e-03
6.719196525712807684e-03
5.714385511560572325e-03
5.449363910075690626e-03
7.038831788425643950e-03
7.588220398045248359e-03
1.035424425370163465e-02
8.416051665941873608e-03
6.299649520466725321e-03
5.600517175884710611e-03
5.541786163424451857e-03
5.429754137165016502e-03
5.103685815508167238e-03
5.302739200285739272e-03
6.269214519610007315e-03
4.716679453849792480e-03
5.253567230991191238e-03
4.917168860427207321e-03
5.356136062699887873e-03
5.244132596999406815e-03
5.400712006828851074e-03
4.728021902135676711e-03
4.541153760833872496e-03
3.773946082219481468e-03
3.723348025232553482e-03
4.015712093354927362e-03
4.396247367064158411e-03
4.090607062809997231e-03
3.702716436237096786e-03
3.772619749522871345e-03
3.037348027444547981e-03
3.481136712556084142e-03
3.991303215217258810e-03
4.840520495134923579e-03
4.554941810460554422e-03
4.131150638891590773e-03
4.332138328916496604e-03
3.833690839302208737e-03
5.228987687991725267e-03
4.391815668592850656e-03
4.296142336291571169e-03
3.354781488370564297e-03
3.489520012711485372e-03
3.664420270878407642e-03
3.542991290386352226e-03
3.347326341706017509e-03
3.155137205289470018e-03
2.801853723617063821e-03
3.180454097067316518e-03
3.640705771330330059e-03
3.397571440372202083e-03
3.327266209655337960e-03
2.836830719995001807e-03
3.877567774098780468e-03
3.899486554372641727e-03
2.969606482009920761e-03
2.757272708954082788e-03
2.834701626044180706e-03
4.431155717207325637e-03
4.316286546074681908e-03
3.967934857226080268e-03
3.567433204605347484e-03
2.544157336362534196e-03
3.389282695328196034e-03
2.997259906907048538e-03
2.389146933435565799e-03
2.648873215851684556e-03
3.348762686881754085e-03
2.694037212576303169e-03
2.784852442952493682e-03
3.188745946519904763e-03
3.030791257818540082e-03
2.602265281085338906e-03
2.948845917772915676e-03
2.602849892961482062e-03
3.479520686798625619e-03
3.124487107723123401e-03
2.046889703099926457e-03
2.329927287064492702e-03
1.984008911272717654e-03
2.373604776544703185e-03
2.071507598480416476e-03
2.022619553220768914e-03
1.803937516847832359e-03
2.097750218429913268e-03
1.848625264958375126e-03
1.847321756132361010e-03
2.453930132711926951e-03
1.894281814909643501e-03
2.474701717599398464e-03
1.835544658307400063e-03
2.357233419186539024e-03
1.794874299472818844e-03
2.316956809307965919e-03
1.908188582294517190e-03
2.089943620376288891e-03
2.133726090606715992e-03
2.254414844274934843e-03
1.846309136858002983e-03
1.853086015519996412e-03
2.025586578788029016e-03
2.257299324911501721e-03
1.578332791622314140e-03
2.029075791748861327e-03
1.919549941602680370e-03
1.621495233848690987e-03
2.122899543287025750e-03
1.996609835057622760e-03
2.163216807982987731e-03
2.550343969940311283e-03
1.588223728403035089e-03
1.694519603107538536e-03
1.920713525679376438e-03
2.308686755390631021e-03
1.889809131777534955e-03
1.867173116705897733e-03
1.782968614457382120e-03
2.061320611068772138e-03
1.327646695750041165e-03
2.205277909524738789e-03
1.665487484489050225e-03
1.884893643566303879e-03
1.641193055547773838e-03
2.312255557626485825e-03
2.030003220877713531e-03
2.688873274665739849e-03
1.850652896488706343e-03
2.151059665872404828e-03
1.689439096177617781e-03
2.138375421054661274e-03
1.530080231734448105e-03
1.971520638714233890e-03
1.580506802484807089e-03
2.283487313737472043e-03
1.617115501883543104e-03
2.146005113091733769e-03
1.629663521372195795e-03
1.585510611120197460e-03
