1.755280827774721164e-01
1.402480672387515781e-01
9.922891373143476190e-02
7.853737100958824158e-02
6.257024253992472806e-02
5.586713662042337020e-02
4.466926996760508389e-02
3.684111914652235531e-02
3.028784582720083288e-02
2.416771984494784156e-02
2.641140434014446758e-02
2.515480448217952830e-02
1.982464137322762290e-02
1.628258292946745470e-02
1.764206166433937573e-02
1.477522463263834275e-02
1.542555809240130776e-02
1.406482776955646566e-02
1.395480748375549016e-02
1.218360383063554764e-02
9.078054634087225766e-03
9.211235953604473073e-03
1.123398334226187456e-02
1.050814482219078992e-02
1.065582705332952448e-02
9.099482065614531920e-03
7.912155761219123035e-03
8.967225357670994060e-03
9.258424671476377446e-03
9.038939250304418860e-03
7.371531443341690359e-03
7.555442013065604909e-03
1.097032745533129718e-02
9.664405575569938109e-03
1.630317140370607376e-02
9.383387452758410602e-03
7.191989570856094360e-03
1.040188236819470681e-02
6.502868046107537249e-03
5.402336431228939480e-03
6.319299312856267378e-03
5.287329460877706125e-03
5.238610607407549052e-03
5.365854430505458302e-03
7.275921100860133044e-03
8.617852896671085103e-03
7.807842811898273172e-03
5.401878809446797498e-03
5.797575310091762288e-03
5.822172826703856871e-03
6.133391165777164755e-03
8.393396349514232677e-03
5.710906376514364793e-03
4.478893379735595683e-03
4.456830936867524698e-03
3.586765228058485296e-03
5.157210494336836835e-03
6.088310208938577800e-03
6.184650379616548135e-03
8.623458088978248892e-03
5.779881317935445934e-03
5.228914991568993018e-03
4.870285225265166135e-03
7.280080743572290951e-03
5.841738202006500902e-03
6.084388642407515674e-03
4.463159561376361592e-03
5.444862948292318768e-03
6.065327591974945323e-03
4.791287705302238464e-03
4.389035734621917449e-03
2.965781269321108617e-03
3.002001479377641550e-03
5.138013265369569503e-03
3.744042759268161307e-03
2.638133037287522867e-03
3.104747944127987311e-03
2.716251724290058740e-03
2.959229510880130153e-03
3.369422040551024299e-03
2.543642034973291662e-03
2.805632141911808004e-03
4.148742197738850869e-03
3.500487367786905141e-03
3.535253509386059294e-03
2.595447298303684563e-03
2.479084849576739576e-03
2.503427012604387495e-03
3.286861917277907573e-03
4.453317193752702290e-03
3.844112794681945472e-03
3.263218835105790964e-03
2.947825185187599034e-03
3.497373737285242208e-03
3.065766417421400547e-03
2.186983296483317046e-03
3.279620411751024787e-03
4.047983408193378194e-03
2.626685774885118008e-03
2.925059573231812964e-03
2.409057445166742049e-03
1.956979805767974229e-03
2.519549000734353818e-03
2.566958750214646742e-03
3.186127451686736594e-03
2.434932845918571197e-03
3.798048833713812012e-03
2.825540545232155948e-03
3.177312223295516904e-03
3.351577756214229372e-03
2.233064322568038135e-03
2.104609999257852151e-03
2.354806590387049665e-03
2.113502246656400341e-03
2.005313721704570559e-03
2.193476251490852208e-03
2.960717401412479941e-03
2.879288211903151522e-03
3.252642626381095897e-03
2.711578210651436477e-03
3.305164604064296172e-03
2.327785635476603381e-03
1.927606891566777982e-03
2.232432023019475121e-03
2.462108496247845512e-03
2.115213038290248045e-03
3.146071014378000810e-03
2.318927908644956726e-03
1.927399655174025705e-03
1.985807779847699028e-03
2.287467256845796860e-03
5.013733828330741056e-03
2.583095810704809803e-03
2.847166567602578153e-03
2.919312032377895366e-03
3.558619276565663878e-03
2.901553292758762836e-03
2.702560878413565095e-03
2.987464369439026685e-03
2.540299970218363752e-03
2.911045421462725089e-03
1.929004830719136063e-03
2.243779181941029082e-03
1.460759705343447987e-03
1.651435145450865470e-03
1.713959904223242214e-03
1.543167382752632343e-03
1.388439357362906620e-03
1.555164228193461895e-03
1.750075997894301070e-03
1.811337825047838312e-03
1.574284985990208764e-03
2.069669186740237098e-03
2.040016485432929929e-03
2.658147323767051824e-03
1.639153493349166388e-03
1.600792248021153932e-03
1.622406758970635753e-03
1.613529320285819833e-03
2.251906676546615738e-03
1.378709087422227107e-03
1.988071242949980121e-03
1.578944721533095084e-03
1.510313520317568435e-03
1.566817367668537622e-03
1.405784206273143731e-03
1.336216323954217498e-03
2.008078174720354016e-03
1.448595571085153346e-03
1.769683700438369825e-03
2.024417701999054083e-03
1.408886660903911278e-03
1.854987856110229148e-03
2.100910477833274354e-03
1.316943072357817544e-03
1.943062792313011164e-03
1.492604099707130162e-03
1.824445214451235909e-03
1.659215770333128791e-03
1.850270159432993279e-03
1.445091788328307491e-03
1.806582830955876960e-03
1.556280938744106701e-03
1.498484891592798953e-03
1.629660084076664040e-03
1.581304645001449993e-03
1.551418257055475368e-03
1.693302063572713545e-03
1.775658425792832687e-03
1.349432113142136304e-03
1.670574313988361327e-03
1.598230446688830853e-03
1.360999838010791508e-03
1.448867181726895634e-03
1.322798787013572831e-03
1.294290568159126107e-03
1.459273129619438961e-03
1.380037016454426771e-03
1.421466144486604457e-03
1.353661430424408065e-03
1.173146582646843227e-03
1.509814122554791350e-03
1.616277081398841175e-03
1.351529821370016024e-03
1.244381275575827048e-03
1.416428223498822922e-03
1.619589234264019696e-03
1.504297580515198771e-03
1.144929573295966731e-03
1.182243512149023634e-03
1.735736636499710019e-03
1.058728002723963732e-03
1.368609715855735164e-03
1.316109658492838584e-03
1.444094831480042087e-03
9.747302118579254495e-04
1.178219698725597011e-03
1.614743199966409614e-03
1.036563514978350873e-03
1.146132948205751557e-03
1.081541618880103514e-03
1.097987844225238249e-03
1.304714625482173438e-03
1.223576669444275278e-03
1.132499673129881181e-03
1.204800268169492483e-03
1.185158544959609948e-03
1.174103092018733904e-03
9.518485714900581148e-04
1.079260690055568531e-03
1.177330963614889791e-03
9.170303785461274889e-04
8.614534180036143409e-04
8.990460773929953575e-04
1.019513094112934346e-03
1.219120807945728302e-03
1.192708903759279659e-03
8.998874040758784824e-04
1.145620368119767496e-03
1.204839390565586466e-03
1.011571329881382365e-03
1.034498803646248955e-03
9.361533927457297167e-04
9.987317813176881630e-04
9.000531401183894898e-04
1.116162888459203964e-03
1.146261001635781119e-03
9.461535459302146964e-04
9.043857845587327136e-04
1.095417619901983266e-03
1.220733475159196382e-03
1.089275143492747858e-03
8.869851727093406094e-04
1.458943352404543569e-03
1.088525130933917697e-03
1.279372804085998063e-03
1.249246590305119753e-03
1.485169087947510545e-03
1.163738837931305170e-03
9.524656000875812928e-04
1.111406016314183190e-03
9.842031560016468311e-04
1.252775159253574546e-03
9.343180195976267524e-04
1.152228981749538151e-03
1.099079720648553403e-03
9.467658066355130698e-04
1.152254218194524206e-03
1.357250466860611751e-03
1.191253647180821927e-03
1.002831685849848954e-03
1.259863948422100576e-03
8.823170792311429977e-04
8.969177450875149117e-04
9.108163478017292048e-04
1.144049517974695751e-03
9.442158180343754662e-04
8.900292758720324384e-04
1.001811062451452017e-03
1.063963210018461190e-03
9.169480866095161119e-04
8.179106944761075151e-04
7.051527123514781661e-04
8.453810296487063169e-04
9.343086002284989701e-04
6.574187564718373192e-04
8.044291958760688968e-04
7.120949466137544261e-04
9.935738601009635237e-04
8.448373906396548219e-04
6.589456838007797532e-04
6.947235019384499603e-04
7.558325408300494829e-04
8.200161734267192920e-04
8.245659307302797159e-04
5.893641911611399676e-04
7.688155644299352488e-04
7.813224202597185029e-04
7.123525617370272001e-04
8.914534290156819795e-04
