7.298672060633815128e-02
3.450716539762567481e-03
1.112199295041432822e-03
8.135764845403258222e-04
5.581220544246567102e-04
5.002349997846257564e-04
4.089962983629828784e-04
3.864095772367490611e-04
8.682799457875622125e-04
3.383693565833815683e-04
2.547979838286558787e-04
5.304043957568315478e-04
3.462632132225756379e-04
2.071080148727010354e-04
2.133629178536276100e-04
2.010161210501940261e-04
1.867165243988152710e-04
2.976972023451560177e-04
1.712592402750593649e-04
2.203129425165676551e-04
1.604198256499393921e-04
2.512314614398556529e-04
2.720947286011217783e-04
1.764120382197921358e-04
1.717589163257967797e-04
4.871116371061869586e-04
9.672223339209246333e-05
2.337914577151951846e-04
5.837384537170332236e-05
1.176101729872116664e-04
8.929267350203888684e-05
2.422470206511206925e-04
3.008359491041330699e-04
1.644615021875726370e-04
2.183892829211694149e-04
1.384060170219231125e-04
1.183997715828766949e-04
1.125055662901844713e-04
8.774566840445406656e-05
6.543299952132064306e-05
8.166492566382404378e-05
5.705026966139950382e-05
7.544021492469975103e-05
9.156699336948127409e-05
5.735256935051522936e-05
9.294826095144746747e-05
6.977106815696082194e-05
5.375072366807090099e-05
4.696244649346417184e-05
3.776334874283895964e-05
6.149617911432869732e-05
6.300908492892969904e-05
8.303346345031926176e-05
6.153529501145470421e-05
3.559144804671103600e-04
4.602793474395036562e-05
1.090468041649390109e-04
4.317876190789108611e-05
5.143302297615581580e-05
7.846771709304194858e-05
6.539620117532755829e-05
4.996433021598170647e-05
5.811329859614827243e-05
6.110240546213179089e-05
6.005359923725590149e-05
3.641357719505660740e-05
8.167626721081243206e-05
4.607168510881101150e-05
3.380063973836936348e-05
3.734014507942849014e-05
3.791174406636178417e-05
8.455166387775110975e-05
3.291236952844523670e-05
2.807725325531697163e-05
3.677172745208440077e-05
2.614185285533177278e-05
3.757750666705380135e-05
6.212789068296504168e-05
2.676506836334822825e-05
7.045422539387039722e-05
3.212703890587659359e-05
3.141426185889983316e-05
2.948710014839720195e-05
4.136177566113812887e-05
3.296118863947286251e-05
4.074749609191163132e-05
3.222678392481865401e-05
3.642638289737840183e-04
4.468538363230330966e-05
3.502265848891151449e-05
3.245957751185118880e-05
3.515410983096064009e-05
2.702310606510700648e-05
7.810431943230362959e-05
3.775542070396240355e-05
3.624345780799346491e-05
6.727703234795372894e-05
2.601476774353339181e-05
2.315498889317474677e-05
5.218248297962926153e-05
3.069548750339213682e-05
4.885573272013273575e-05
1.112950867325200214e-04
3.823404315796302981e-05
3.048405996682853196e-05
4.315225953897150078e-05
4.635865908249100223e-05
2.616234909573693148e-05
3.697296470331926734e-05
2.487043003532372386e-05
2.861457604668367179e-05
8.484615898132053359e-05
3.661875716927678149e-05
3.002106056429024611e-05
4.378983748062827993e-05
2.926444062194245586e-05
6.000336929372319331e-05
4.592113430928377687e-05
2.823668420776727483e-05
2.674426773304476956e-05
8.184269815268803894e-05
7.869064951549707134e-05
4.220578607812566042e-05
3.128620238216129365e-05
6.807747747167690734e-05
3.713496382557042815e-05
9.017496509037554303e-05
2.919525298577439632e-05
3.085809116465645978e-05
3.793508334490260943e-05
3.820021898126321709e-05
6.814338171035309204e-05
7.477435947082487788e-05
3.110846854153435465e-05
6.800127423132856493e-05
4.357966929546819301e-05
3.817623432633957030e-05
3.499388707876827879e-05
2.925262234109754402e-05
2.931845789177270199e-05
3.111174968115276230e-05
2.754627917585271692e-05
4.154708488142713031e-05
2.862080158550714550e-05
3.555528513875605228e-05
3.232632663406717377e-05
4.741888695334214426e-05
4.709857434093908814e-05
4.701800948126663861e-05
3.665392111098870131e-05
4.691555251304444489e-05
3.648383234534311050e-05
2.225212237463406346e-05
2.535343446652404964e-05
3.079185233768522351e-05
3.318605045447035130e-05
4.852269282923242136e-05
2.116580543675217001e-05
3.015766373378979867e-05
2.994035958181484602e-05
2.374482814005649125e-05
4.080575433553624122e-05
2.793768373183326670e-05
3.260901834183578031e-05
2.703009865695622818e-05
2.743480689163292166e-05
3.084347998950296023e-05
2.644933894855988328e-05
2.792079920064404917e-05
3.581446280223158247e-05
3.257102713273207968e-05
3.040361203010286069e-05
3.485811744529962404e-05
2.830134016496527280e-05
4.801621760761495388e-05
2.752250003500511326e-05
3.000676690854286620e-05
2.881976957343245207e-05
3.530836551532089943e-05
2.948286428786665443e-05
2.994967861880912387e-05
2.662834854586541429e-05
2.773842133730034014e-05
2.515918949516056795e-05
5.882245352759762512e-05
2.696660169741060429e-05
3.203542576631112412e-05
3.205731719538371642e-05
4.634790314433535484e-05
2.548014304487201880e-05
4.488991658564733030e-05
3.162326586704672664e-05
2.922180908362226716e-05
2.223749473075237475e-05
3.690709315357475618e-05
2.290881341883335942e-05
3.298938188066152506e-05
4.124974515603795880e-05
3.374683396835936194e-05
2.302392755514437255e-05
3.261953641540035314e-05
3.238529303829171404e-05
2.823411087711276632e-05
2.926867996446289375e-05
3.184519005645957464e-05
3.120242607025808539e-05
2.556041792114799804e-05
4.486294515012306122e-05
6.357161273203822203e-05
2.943219106613427041e-05
2.767052034002073633e-05
2.191632067087782634e-05
3.174422843500885065e-05
3.024846141881933388e-05
2.354319483296167891e-05
3.948879497974578214e-05
4.329858144459183968e-05
3.095464654337732355e-05
2.458229565480334956e-05
2.286061497448657853e-05
2.503256234038332817e-05
2.351213510770998400e-05
4.071034288170816921e-05
2.561539631801150438e-05
2.564140374996113145e-05
4.127166707697798459e-05
3.328087934257150239e-05
3.219324690520764562e-05
2.909292024289539356e-05
3.152054112137573830e-05
2.610823736272005675e-05
2.907035541495641180e-05
2.601709025458508453e-05
2.924509691225932038e-05
2.903463120071327576e-05
2.266517598463694885e-05
2.930817179223468508e-05
2.588907577403936884e-05
2.940851736850670956e-05
5.634717044178910825e-05
4.117723894819920824e-05
3.076214831211007841e-05
2.710427894313863071e-05
2.414441996998628213e-05
2.596317697119703371e-05
2.681416209418594808e-05
3.296789485417786345e-05
2.457416255659810122e-05
2.761736119430489343e-05
2.372339452787940051e-05
2.603180396997844994e-05
4.656670024243878919e-05
2.440544413772396801e-05
3.686572396217407076e-05
4.001241797574716231e-05
3.043642660951834599e-05
2.882842524508474647e-05
5.652397619330660382e-05
2.699879191400108151e-05
2.263776066810837655e-05
1.989849851650983279e-05
2.006021158417012096e-05
2.060960984509133559e-05
2.093511156365207668e-05
3.530609061525929137e-05
1.940224696978094823e-05
2.319086297575267963e-05
1.880884900761292471e-05
2.364473118632304249e-05
1.740032501423462090e-05
1.757569055313111991e-05
1.613828875855857526e-05
2.072639186513528209e-05
1.702914776583489971e-05
1.514551448233464228e-05
1.599830581156755507e-05
3.030782060578044330e-05
1.896770308396594871e-05
1.627578687613243140e-05
1.593986832081417475e-05
1.433577375035933583e-05
1.737717027851410094e-05
1.924969250583587321e-05
1.626439726340661097e-05
1.628535681204592062e-05
1.661606915001547459e-05
1.685965365770117011e-05
1.610756980563712908e-05
1.852952965860864740e-05
1.356543985995686308e-05
1.842283164785120899e-05
1.461791187196912069e-05
1.220636091486169850e-05
1.334711434675375834e-05
1.411418759553905717e-05
1.680941203218491573e-05
1.225147926286512714e-05
1.320566311045864616e-05
1.568156897012032083e-05
2.081621176140013461e-05
