1.123023461117300809e-01
4.245431766693675418e-02
2.831910471540204435e-02
2.554438576145574152e-02
1.636065527536841382e-02
1.354024278238242368e-02
1.251415150824847569e-02
1.286235454405636365e-02
1.045395525139864758e-02
1.023576565920700232e-02
1.072356620056251486e-02
1.065173105141797687e-02
8.821235227853406469e-03
1.091717672805020238e-02
7.703061840973447760e-03
8.168765871655629326e-03
8.823296772640978544e-03
7.438528448949719221e-03
8.528208934030560157e-03
6.536945863085430984e-03
7.331065489737273629e-03
6.323861266854543736e-03
5.875459070815596853e-03
5.304648459694067016e-03
5.609433011011069267e-03
5.824767838253877561e-03
6.074012197597429032e-03
6.624582686548142509e-03
5.080370890344817689e-03
4.485922444579299416e-03
4.775029529958183319e-03
5.105619764139572407e-03
4.562634081298182036e-03
4.153513613557659710e-03
5.260944956653686860e-03
5.747777133703578512e-03
4.323414740759099276e-03
4.275698233720695227e-03
5.713635487048778806e-03
5.100006058942093204e-03
3.960763426432602728e-03
3.787065035836814468e-03
7.119495330952367931e-03
4.250588163538554683e-03
4.715836892543403928e-03
4.393427791128065064e-03
3.698187761095374140e-03
4.103517170648935189e-03
4.868824374699575082e-03
4.585661102346209189e-03
3.823733938652155735e-03
4.092349831913705792e-03
3.705340365846749705e-03
3.540380977007538763e-03
3.573244882931629444e-03
4.681429958382491395e-03
4.017947877887203048e-03
3.677584838696084171e-03
3.414150699702373209e-03
3.939866337405387685e-03
3.614596830312768929e-03
3.806259983955600796e-03
3.507145099764213524e-03
3.503463670968749374e-03
3.020750498128405275e-03
3.216026499082312671e-03
3.675445908853827541e-03
3.243233802793330824e-03
3.781309578741012638e-03
3.579225850042475326e-03
3.450691136179578553e-03
3.333681739520194878e-03
2.951275832073893025e-03
3.295112332886864556e-03
2.836033681591669346e-03
2.811983553286598499e-03
2.910681774157511132e-03
2.839333423126358912e-03
3.046120613743009790e-03
2.841441070411873920e-03
2.882146411900256885e-03
2.869028533770984473e-03
3.741033491001702783e-03
2.822320266670092382e-03
2.693526898943927449e-03
2.795520112010498655e-03
2.683272050574508558e-03
2.561267285315363233e-03
2.879770208003952416e-03
2.832698088198856885e-03
2.875772105167121936e-03
3.006369638294631181e-03
2.794344787659166877e-03
2.655179798873791037e-03
2.850022912837651620e-03
2.651916981301118744e-03
2.797846111122432103e-03
3.128292315861556927e-03
2.602777269880048993e-03
2.698177173273464541e-03
3.000767087309382918e-03
2.637223138874613369e-03
3.559771858881292678e-03
2.644590079123803911e-03
2.595617104224254377e-03
2.884750706576850576e-03
2.819695509293354985e-03
2.830357284036053283e-03
3.074499586228887551e-03
2.722972412431222573e-03
2.615163658426121560e-03
2.498499510693363845e-03
2.653664166140261727e-03
2.693340526135681694e-03
2.584735135991819265e-03
2.916489578214971970e-03
2.678126804693060740e-03
2.628021294841282815e-03
2.915694177973755449e-03
2.907873915107704078e-03
2.681316891793421656e-03
2.757785723376802479e-03
2.750387013927751718e-03
2.661152916749246356e-03
2.569029994341436463e-03
2.894879625379216236e-03
2.545746760090899716e-03
2.642343022459901249e-03
2.962125070003229690e-03
2.797892185870211323e-03
2.677663286936707732e-03
2.944497702924838041e-03
3.004505027960011239e-03
3.041703297978613774e-03
3.555392918886270126e-03
2.795268429191458039e-03
2.585210384960762598e-03
2.791092322251304426e-03
2.740449549597796363e-03
2.818109882524410387e-03
2.469082423526425350e-03
2.460641718434364907e-03
2.552264599470681697e-03
2.471418532496859506e-03
2.595842310679578532e-03
2.404205183306340563e-03
2.423861612590181517e-03
2.472202342983638619e-03
2.422586315904397269e-03
2.742656332313429812e-03
2.780538758934410475e-03
2.439860825434998423e-03
2.466353458869487668e-03
2.599137514385633108e-03
2.794605276417420556e-03
2.371229686527946343e-03
2.472384432114141124e-03
2.531742926844027328e-03
2.550811397837648292e-03
2.344329550058234235e-03
3.057993194805783219e-03
2.579789413112150692e-03
2.436299493934331213e-03
2.450468888043339302e-03
2.379385478656500640e-03
2.803717060339485419e-03
2.373607297222195007e-03
2.402114585450807090e-03
2.435352380162776262e-03
2.588486683021602903e-03
3.023655132490729851e-03
2.772132485704279815e-03
2.319558249477860021e-03
2.583239792689118099e-03
2.538030343752917337e-03
2.610144889331422746e-03
2.387556553341795007e-03
2.414005033896564692e-03
2.406633950750949793e-03
2.561686300607614840e-03
2.541600717407607908e-03
2.344911270653071006e-03
2.454106311170319282e-03
2.631072116390325687e-03
2.368831104493353268e-03
2.531455269998459084e-03
2.519569179343687619e-03
2.322411963981467920e-03
2.371739025896436783e-03
2.519613472666309712e-03
2.499801659723743796e-03
3.024217271283918557e-03
2.361442757361611848e-03
2.349711126149740380e-03
2.446824441755970133e-03
2.363199003306109148e-03
2.350448949538647570e-03
2.400627298832892689e-03
2.458316423905861688e-03
2.328848245967894172e-03
2.236922329757362604e-03
2.424563380394152614e-03
2.379759080467074364e-03
2.243454802610781416e-03
2.537883454690102736e-03
2.324993901840021089e-03
2.481130013028484769e-03
2.461393675455541847e-03
2.266036381073252733e-03
2.576055544628870052e-03
2.563387304774572203e-03
2.364176038522706677e-03
2.245423029350160186e-03
2.401327921434976906e-03
2.219105015006620375e-03
2.424919178444069189e-03
2.221537991508105211e-03
2.255561884064876971e-03
2.269273650897450124e-03
2.285590071466664722e-03
2.458913276123619266e-03
2.310099540959209639e-03
2.455256719935447040e-03
2.234706268672896363e-03
2.287258306751027703e-03
2.408654853731372145e-03
2.118948188496666898e-03
2.219510597696657851e-03
2.106921333104891641e-03
2.336202518605670457e-03
2.426590638162113168e-03
2.322751440873997535e-03
2.183442085244974556e-03
2.411067748759050233e-03
2.179703435949916206e-03
2.284081332279953858e-03
2.249593699965517658e-03
2.248535653560010655e-03
2.139829005267698380e-03
2.151692152797612858e-03
2.246282099296750562e-03
2.225047869467024816e-03
2.422247458652723208e-03
2.126190163327792721e-03
2.196569755121112553e-03
2.134678172296844423e-03
2.158277150958256858e-03
2.182216041377572219e-03
2.081588538076598570e-03
2.332982991965552606e-03
2.311610571734152176e-03
2.149411510990196280e-03
2.153458908609071250e-03
2.301035089171924938e-03
2.251993350043004875e-03
2.122930323821492493e-03
2.314619768375725858e-03
2.344942244573842982e-03
2.284803337737008246e-03
2.166999526644060575e-03
2.124193805705777618e-03
2.270625259857191394e-03
2.182788515414739276e-03
2.176730362068980684e-03
2.265135920065086770e-03
2.325712196558692244e-03
2.049177874226209770e-03
2.125920201611142171e-03
2.167984976928659466e-03
1.991909843338870133e-03
2.220452825070445488e-03
2.122567558111514586e-03
2.179490246330821265e-03
2.072236277663885243e-03
2.224537854280517809e-03
2.084921685055569560e-03
2.156799968953385018e-03
2.171069963328908694e-03
2.137528610927442833e-03
2.108843538227902787e-03
2.280329278640470716e-03
2.090287496177425670e-03
2.025980285103541178e-03
2.085707478325402302e-03
2.092596022500169215e-03
2.041578866801289655e-03
2.253661027785964621e-03
2.271010302518884465e-03
2.075289265587005206e-03
2.150097334294493248e-03
2.299272048329057110e-03
2.031990338785595509e-03
2.049226155619645988e-03
2.245681264422844537e-03
2.046192528342903778e-03
2.048270136075971710e-03
2.086586354613076833e-03
2.050757467365000707e-03
2.075681879982449549e-03
2.146154446669496906e-03
