5.813214555382728577e-02
8.748489618301391602e-02
1.041706800460815430e-01
1.078362911939620972e-01
1.129714623093605042e-01
1.022386401891708374e-01
7.861179858446121216e-02
8.353392779827117920e-02
9.159621596336364746e-02
7.265891134738922119e-02
7.002972066402435303e-02
8.203805238008499146e-02
6.690216809511184692e-02
7.054419815540313721e-02
9.344071149826049805e-02
6.401176750659942627e-02
6.265058368444442749e-02
5.985681712627410889e-02
6.076110899448394775e-02
6.125694140791893005e-02
5.966493859887123108e-02
5.577409639954566956e-02
5.463396012783050537e-02
5.410661175847053528e-02
4.948880150914192200e-02
5.579563975334167480e-02
4.995831474661827087e-02
5.646391585469245911e-02
5.239017307758331299e-02
5.359858646988868713e-02
4.811685532331466675e-02
5.643606558442115784e-02
6.123816221952438354e-02
5.149387568235397339e-02
5.250341817736625671e-02
5.432420969009399414e-02
4.967002198100090027e-02
5.229791626334190369e-02
4.726152867078781128e-02
4.721030592918395996e-02
5.031456798315048218e-02
4.780302941799163818e-02
5.028309300541877747e-02
4.569550976157188416e-02
4.456086084246635437e-02
5.662036687135696411e-02
4.534625262022018433e-02
6.286652386188507080e-02
5.940732359886169434e-02
5.149602517485618591e-02
7.477580010890960693e-02
5.044279620051383972e-02
5.100264027714729309e-02
4.976820945739746094e-02
6.680721789598464966e-02
5.983626469969749451e-02
6.311712414026260376e-02
5.768975615501403809e-02
6.258711218833923340e-02
4.939420148730278015e-02
4.267269000411033630e-02
4.291548207402229309e-02
4.539201781153678894e-02
4.546483978629112244e-02
4.367028176784515381e-02
4.810434952378273010e-02
5.031633749604225159e-02
4.292072355747222900e-02
5.192547291517257690e-02
5.596211925148963928e-02
4.194811359047889709e-02
3.967419639229774475e-02
4.372490942478179932e-02
4.543388262391090393e-02
4.709402844309806824e-02
4.275073856115341187e-02
4.628162831068038940e-02
4.822381213307380676e-02
5.215053260326385498e-02
4.975510016083717346e-02
3.953929245471954346e-02
4.521230235695838928e-02
4.234431311488151550e-02
4.616982489824295044e-02
4.575685039162635803e-02
4.114021733403205872e-02
4.865716025233268738e-02
5.160702392458915710e-02
4.055285453796386719e-02
4.174182564020156860e-02
4.095467552542686462e-02
4.242345318198204041e-02
4.330674558877944946e-02
5.082126706838607788e-02
4.161896929144859314e-02
3.967131674289703369e-02
5.009307339787483215e-02
4.204750433564186096e-02
4.237978905439376831e-02
4.853032156825065613e-02
4.624311253428459167e-02
4.660635441541671753e-02
4.522890225052833557e-02
4.804003983736038208e-02
4.448681324720382690e-02
4.703795909881591797e-02
4.468926042318344116e-02
4.079049080610275269e-02
4.145749658346176147e-02
4.741388931870460510e-02
5.005669221282005310e-02
4.837974533438682556e-02
4.469754174351692200e-02
5.092912167310714722e-02
4.736080765724182129e-02
4.469550400972366333e-02
4.386064037680625916e-02
4.242505878210067749e-02
4.123843088746070862e-02
4.552242532372474670e-02
3.873082995414733887e-02
4.053874313831329346e-02
4.221225529909133911e-02
3.656783699989318848e-02
3.602403402328491211e-02
4.024193435907363892e-02
4.473141208291053772e-02
3.784049302339553833e-02
3.877166658639907837e-02
4.364990070462226868e-02
4.435971751809120178e-02
3.954940661787986755e-02
3.612432628870010376e-02
3.418275713920593262e-02
5.845278874039649963e-02
3.990219905972480774e-02
4.373834282159805298e-02
5.045490711927413940e-02
4.385350644588470459e-02
4.835721105337142944e-02
4.277681559324264526e-02
6.271238625049591064e-02
4.058835282921791077e-02
4.170141741633415222e-02
4.525572806596755981e-02
3.911473602056503296e-02
4.608196020126342773e-02
4.152371361851692200e-02
4.224136844277381897e-02
4.301210865378379822e-02
4.798176139593124390e-02
4.694936051964759827e-02
4.421347379684448242e-02
4.171198606491088867e-02
4.785127565264701843e-02
4.159032925963401794e-02
5.419946834444999695e-02
4.927102103829383850e-02
3.872806206345558167e-02
4.042521119117736816e-02
4.499810189008712769e-02
3.925679624080657959e-02
4.150262475013732910e-02
4.171396419405937195e-02
4.796679317951202393e-02
4.045324027538299561e-02
4.171808436512947083e-02
4.681162163615226746e-02
4.525578022003173828e-02
4.199796169996261597e-02
3.957837074995040894e-02
4.238369315862655640e-02
3.968797996640205383e-02
3.888247534632682800e-02
3.903172165155410767e-02
3.434311226010322571e-02
3.813475742936134338e-02
3.837892040610313416e-02
3.390127047896385193e-02
3.899301961064338684e-02
4.286818951368331909e-02
3.907634690403938293e-02
3.867476806044578552e-02
3.485251218080520630e-02
3.655448555946350098e-02
3.773370012640953064e-02
3.726645186543464661e-02
3.378193452954292297e-02
3.715868666768074036e-02
4.133315756916999817e-02
3.347785770893096924e-02
3.748911991715431213e-02
3.866101056337356567e-02
3.564129769802093506e-02
3.540177270770072937e-02
3.697895258665084839e-02
3.919532895088195801e-02
3.234620392322540283e-02
3.646656870841979980e-02
3.786168992519378662e-02
4.149275645613670349e-02
4.013842344284057617e-02
3.670625016093254089e-02
3.686667606234550476e-02
3.739495202898979187e-02
4.123143851757049561e-02
3.831889480352401733e-02
4.177618026733398438e-02
3.755580633878707886e-02
3.846351802349090576e-02
3.754948824644088745e-02
3.640681505203247070e-02
3.533120080828666687e-02
3.544676676392555237e-02
2.962942607700824738e-02
3.881202265620231628e-02
3.878547623753547668e-02
3.689811006188392639e-02
4.521295800805091858e-02
3.541044145822525024e-02
3.912619501352310181e-02
3.601280227303504944e-02
3.649913519620895386e-02
3.755658864974975586e-02
3.585100546479225159e-02
3.300053998827934265e-02
4.130690917372703552e-02
4.331410676240921021e-02
4.138204827904701233e-02
3.704135492444038391e-02
3.962365165352821350e-02
3.715231642127037048e-02
4.105197265744209290e-02
3.572058305144309998e-02
3.508331999182701111e-02
3.488599509000778198e-02
3.964342176914215088e-02
3.603746369481086731e-02
3.910366445779800415e-02
3.445822745561599731e-02
4.070012643933296204e-02
3.797896578907966614e-02
3.926295787096023560e-02
3.873593732714653015e-02
4.624887555837631226e-02
3.797958418726921082e-02
3.392239660024642944e-02
3.841497749090194702e-02
3.647000715136528015e-02
3.296068310737609863e-02
3.493611514568328857e-02
3.564716875553131104e-02
3.327944874763488770e-02
3.276297077536582947e-02
3.372406587004661560e-02
3.269976750016212463e-02
3.498857840895652771e-02
3.567581251263618469e-02
3.102963976562023163e-02
3.743318095803260803e-02
3.768150508403778076e-02
3.249112889170646667e-02
3.316786885261535645e-02
3.201424703001976013e-02
3.573860228061676025e-02
3.516003862023353577e-02
3.604007139801979065e-02
3.458680957555770874e-02
4.256542772054672241e-02
4.187051206827163696e-02
3.673642128705978394e-02
3.525206446647644043e-02
3.833528608083724976e-02
3.362432867288589478e-02
3.304871544241905212e-02
3.508950024843215942e-02
3.288101777434349060e-02
3.331701457500457764e-02
3.424241766333580017e-02
3.213074803352355957e-02
3.223197907209396362e-02
4.406074807047843933e-02
3.662079572677612305e-02
3.721095994114875793e-02
3.960003703832626343e-02
3.780477494001388550e-02
3.842224180698394775e-02
3.793304413557052612e-02
3.586256504058837891e-02
3.490213304758071899e-02
3.441798314452171326e-02
3.279023244976997375e-02
3.380363062024116516e-02
3.444293886423110962e-02
3.490108251571655273e-02
3.751767054200172424e-02
3.621244803071022034e-02
4.334080591797828674e-02
3.882546722888946533e-02
3.747694939374923706e-02
